523
1397
1450
625
130
334
1016
208
45
906
347
237
169
1459
910
799
1124
835
394
1246
281
1460
116
283
1112
494
997
736
511
83
575
1391
438
610
1009
1198
1342
778
1298
937
99
1071
519
599
1140
1370
271
1433
1353
508
63
1110
825
257
241
378
1216
1266
879
1200
1159
1021
477
1020
94
474
1207
1315
29
801
1064
32
1259
728
107
1474
645
66
688
1069
52
882
738
545
672
217
1019
962
79
608
648
973
1023
451
873
320
1113
621
704
1005
909
221
165
158
1377
134
312
146
1287
748
1199
616
839
1406
551
1205
1171
280
71
1084
353
1208
1375
364
669
231
1151
1191
121
1006
1272
157
1320
723
1471
1323
159
1488
223
652
463
812
510
1076
403
1039
1267
112
1414
1030
764
722
595
143
102
1262
912
753
1099
495
781
1477
1098
798
330
605
34
541
25
171
1077
405
775
675
1280
44
417
1083
514
28
822
1213
1075
1286
1135
845
410
1037
1218
577
721
716
1163
573
1146
368
834
39
191
752
844
600
1455
529
189
55
447
145
207
404
1
700
211
758
238
980
67
685
679
1131
1321
284
686
698
709
876
1070
1032
586
1238
194
15
550
1180
982
1462
31
767
441
1248
1089
224
592
409
1261
19
187
914
1387
1296
1456
1426
1291
316
779
1301
419
1357
583
568
1274
840
234
475
578
1034
639
1379
331
936
831
1119
206
539
958
1164
460
1432
968
341
1041
86
1126
286
1152
27
1048
800
190
446
156
382
256
960
1239
26
291
1190
693
766
1499
480
270
824
64
380
42
38
544
472
759
1489
810
178
429
299
641
1333
1289
327
1363
656
1334
436
678
1300
1369
532
214
456
715
376
520
666
620
101
1141
1027
46
642
126
393
406
413
535
741
760
147
346
242
794
1219
857
122
1359
292
892
692
235
1036
476
333
443
582
750
624
971
1052
377
273
57
1214
880
1010
888
389
1372
78
596
1472
1189
1390
829
268
345
1042
141
1015
933
952
260
922
428
304
162
856
117
41
644
1229
830
1339
314
1422
1028
1035
498
739
359
1350
965
136
150
915
1251
115
1421
430
1383
895
1227
1468
324
195
789
878
1038
705
899
154
1142
448
538
1045
603
1093
998
1449
1155
913
1467
961
174
1244
1011
109
1247
866
762
660
424
1308
1234
151
903
227
1275
590
954
1352
1373
197
1202
1120
258
992
1434
1330
827
1109
572
920
487
975
604
868
1268
1157
770
318
594
3
14
1054
73
1236
708
7
576
850
95
373
1354
1485
707
400
1233
697
342
606
365
1466
885
751
1423
1058
891
735
1145
890
1430
452
216
1448
302
924
518
567
1091
865
588
97
886
537
591
414
1498
1092
358
613
1299
647
369
201
421
559
144
782
1361
787
110
1347
196
313
351
694
989
185
957
17
855
713
415
589
1177
1399
265
1380
1393
528
1160
955
308
427
657
1285
504
1344
1072
864
492
629
411
1095
363
804
278
465
585
449
261
69
1241
131
140
658
383
1362
167
951
166
809
731
1313
75
23
182
687
1453
1049
1056
1317
1416
484
564
563
1367
1254
1043
43
462
176
668
77
473
1123
1368
664
1487
1337
183
875
1132
1149
1061
1316
964
811
1150
1329
923
1100
554
1000
362
384
785
30
1293
1194
808
580
390
1410
1082
1483
966
983
453
1025
1121
701
942
826
1230
717
51
690
1197
1066
1079
553
135
823
470
807
1231
1153
1388
763
423
391
357
870
795
118
440
524
1215
774
1237
846
1457
49
254
617
614
21
630
124
297
416
863
433
244
58
1047
1228
571
790
628
720
1122
1440
218
1297
47
703
732
719
1382
837
213
861
1225
1284
530
1331
681
152
512
1295
486
105
113
501
651
560
1324
565
615
1175
935
1004
209
1490
434
883
1311
522
1249
911
220
177
1057
1012
111
402
119
236
199
60
815
836
902
536
724
248
310
1398
215
566
247
1068
634
1001
439
894
1435
104
1482
749
263
676
168
649
1221
288
37
631
228
744
352
1118
9
562
337
91
1276
129
643
851
650
1439
321
1081
533
1137
222
1294
1050
1420
202
388
1154
1464
843
1114
435
422
1415
579
813
1417
192
149
1385
1176
82
1008
56
549
1288
1326
370
848
817
633
339
1201
385
1441
22
638
1407
164
1060
500
1282
1366
420
584
103
919
225
653
1103
1402
662
677
1224
85
326
710
1250
776
1088
379
682
948
294
1381
1452
186
464
139
772
153
847
853
276
1281
828
455
696
1185
425
300
874
637
755
239
626
994
325
1195
172
4
408
661
546
1186
897
497
959
612
18
1486
62
108
796
329
646
527
944
1338
730
1055
289
548
1336
1003
1203
1304
953
366
488
76
636
940
74
1436
659
387
754
1148
986
367
458
999
655
1444
1345
311
916
1312
1128
574
849
303
1206
988
200
938
931
995
1196
356
437
1007
1133
680
233
401
784
904
967
1026
939
1389
718
229
250
714
1258
11
1086
1235
956
984
203
947
285
602
976
1256
1309
1167
1104
506
871
322
1172
179
180
1158
932
793
444
841
1170
418
343
336
305
1322
611
979
1277
1144
1469
181
1446
10
114
226
204
6
601
399
340
1327
570
426
123
930
344
761
1252
502
1138
816
1065
1500
296
558
295
1405
743
1040
319
1479
1491
1156
1374
569
1428
459
8
1260
1117
507
985
245
360
482
264
232
48
375
859
1188
505
747
607
142
1279
786
1063
407
128
210
1356
348
765
481
981
1445
1303
1226
1257
996
1384
729
727
1105
1403
918
1130
1360
1166
928
1438
1129
1401
1494
1378
1116
93
987
711
1418
757
396
1085
745
1220
663
24
35
867
769
267
1111
1328
1463
1094
100
805
521
1442
454
1341
1211
1078
969
1168
1437
106
1161
1429
991
1305
132
468
974
275
485
972
287
53
534
467
279
927
1475
478
665
516
1090
872
917
354
170
240
471
934
1127
349
1495
98
950
509
246
188
1018
36
833
1240
791
1335
1343
598
1263
673
1002
1364
597
908
1376
691
1348
1179
926
1386
392
1106
1496
266
1264
1346
40
1454
556
1325
881
499
466
699
949
315
838
627
1451
282
1242
821
734
869
552
1492
555
61
513
65
90
1269
1265
1314
803
618
1136
671
814
893
1394
450
335
1461
1183
323
1209
1458
1181
854
1484
1178
858
667
290
1473
1476
1108
33
361
432
461
1447
1073
946
193
733
654
1278
1044
1245
1396
70
802
13
1392
1408
398
1232
547
797
1497
1395
1493
670
1192
155
1212
496
457
431
184
445
1365
1310
1465
788
1419
87
540
622
249
332
1273
1087
1470
160
1253
1222
1351
1031
852
338
1412
479
889
1210
442
1165
138
252
350
243
1404
1067
993
269
1173
2
372
1358
742
706
175
901
148
1059
1371
1204
623
163
725
925
978
862
72
309
1115
970
397
219
1134
1074
491
907
806
929
780
1481
771
877
374
783
59
301
557
5
1102
632
1255
274
259
702
695
1022
253
81
921
84
689
125
777
1107
542
1139
963
89
1017
88
251
1051
92
818
945
1443
386
756
96
68
525
1147
395
1480
832
792
1062
127
1014
1097
1349
593
1427
943
1024
1125
1182
1101
773
205
1223
1080
489
842
977
1174
531
483
1409
768
990
1307
635
133
587
1318
120
1053
1046
898
293
306
412
255
307
1169
561
543
905
1143
900
726
173
469
1184
50
860
941
1431
1096
740
503
1283
328
619
16
581
262
161
317
355
277
1029
1243
1290
1319
1413
884
1424
298
683
820
212
746
54
684
1270
1292
80
1162
1302
371
1271
712
1425
490
137
1400
515
1478
1340
1013
1217
20
1332
12
887
896
198
737
609
1411
517
493
1187
272
640
1033
230
819
674
381
1355
526
1193
1306