7785
2374
2282
1070
2830
6458
6006
5462
1536
1204
4862
2842
5300
3761
3404
686
5978
1616
3474
4007
5530
7720
6503
2375
2358
6238
1123
1831
3053
2988
6731
4739
3643
5346
7799
6026
5380
6725
214
2591
1723
6267
3720
810
6636
6990
140
3243
1880
3868
2970
2712
5338
1127
6592
3485
7176
1230
3980
5845
4760
3247
6651
7598
3343
7756
7208
5732
7088
7019
213
3769
3269
7415
4109
94
1215
866
6947
2002
4953
1151
7583
1155
5016
6895
6155
5864
1406
7993
838
5561
2555
420
4727
6951
369
111
7107
5223
1702
3483
1899
2836
5799
2849
4685
6486
7013
5172
4609
7860
1282
7151
2302
5790
7393
6762
1546
3387
1290
1231
1990
2355
3136
299
6775
703
3923
7422
3460
7326
7775
1083
4638
3151
5045
7224
6031
3167
413
5489
105
309
5165
3083
4001
4561
4628
5035
395
5619
7518
4713
3985
1086
2969
5919
965
7296
5826
240
1094
6276
2691
7915
4824
7737
4018
6761
7907
3432
7083
1658
7851
4539
247
2939
5310
4349
2563
1391
7665
3148
2991
186
6386
7494
5191
5660
249
6103
385
2011
3710
2413
1829
6023
5837
3319
3888
732
6527
3465
4366
4522
3865
2263
2714
751
646
5054
1593
7353
2264
3919
548
7076
1162
347
141
1476
2643
7135
7636
1595
4342
4085
4286
5235
3074
2380
1583
1403
3741
645
5748
1248
5849
1924
3078
2696
4506
733
7887
7397
2996
1910
1264
7460
6371
7523
4619
79
6644
2516
2444
1794
6222
2105
7359
6897
6505
4602
7692
1938
5402
6188
3193
4064
7574
4998
3466
6949
2336
3541
433
3526
6547
359
485
3971
2780
4781
1715
4424
5203
7391
3728
2250
3056
1500
1188
7820
966
2084
6739
6153
4171
7666
4854
3524
4474
3877
2089
4075
3320
3839
6027
2257
4106
4465
7411
5555
6070
5737
4496
6260
7305
2248
3730
1001
1261
2115
1493
4774
7903
3758
4058
1118
7376
6808
7554
5146
5556
6347
7018
4551
5758
556
6525
3092
1895
3828
7223
832
3382
980
1748
1767
2230
3388
3618
6264
4305
180
3705
312
2831
6359
51
2021
7816
3599
7299
2675
4136
4979
5606
7384
1756
7403
6524
7672
562
337
813
6395
5810
6815
552
4402
7346
1684
7479
4442
3902
2546
2133
3282
3614
2829
4947
4758
1397
6488
3531
7698
6312
6403
4810
5869
7427
4000
6434
2746
1516
4764
128
4683
5821
6742
7125
5175
1291
3779
1272
3777
6318
7911
5581
3543
4611
7192
2101
3449
4965
7279
4661
4818
3967
4374
7413
327
6189
6771
2345
5712
634
3039
2590
1552
4881
7063
2753
6479
6399
3811
3067
7654
290
6778
5343
7591
1177
5128
4512
3289
5957
5057
6614
3352
1304
3058
1331
4603
61
1757
2460
1387
1334
1003
7032
7220
1270
1896
6482
6263
5574
918
3577
3267
4410
1218
1948
5121
2401
4469
2942
1100
6496
7170
765
4249
7952
7379
2027
7825
596
7042
2963
4485
1344
6096
2224
1660
3009
6792
6452
1147
7314
440
1698
2195
2441
272
7693
403
6093
2755
3988
1431
2868
6380
6113
4987
5735
2488
4150
2738
3696
2598
6343
7455
2808
4484
2791
4822
7291
5753
3427
1874
7718
6984
7783
7780
1446
7557
5105
6097
7647
2892
7876
6419
256
6133
4568
7777
4056
5801
2927
6092
3288
7626
2440
6863
4113
7436
2519
3499
2147
1018
5073
4855
628
4663
7970
6067
3633
727
7664
5598
3547
6662
6814
4863
5563
2573
3103
4725
2156
622
7294
3278
6674
527
4436
262
357
5401
2422
2457
1399
500
1341
804
4327
6354
724
381
5399
378
207
2234
3555
3461
2321
7733
7483
2845
1396
2025
5307
4553
3816
5562
3101
3417
4549
412
957
7374
7366
2036
542
871
2275
6856
1563
4248
5463
3629
1892
1900
7962
185
4851
7399
297
4814
2396
2018
1422
5710
3281
6741
4317
5316
977
6723
6464
4243
2747
2985
4428
149
7148
5238
7362
7569
1212
5809
6789
1797
74
380
7864
778
5485
241
4207
1786
860
3470
3658
6053
6018
5047
3057
672
3594
3885
1314
1324
134
777
250
4811
1164
2844
4622
4377
7124
6750
6683
4422
4329
650
7981
6555
1866
1439
1758
5785
2786
4923
5086
662
3002
5535
1982
1176
1237
7850
7566
670
1566
2059
4232
6790
6179
4420
993
2553
2116
5321
302
7992
2684
7100
1392
7409
2568
6005
3724
6285
3512
2335
6993
6500
239
7126
2699
401
2329
4039
779
3595
2442
4592
3309
5773
2901
7536
5549
2204
3491
4637
1251
4095
876
4449
6697
4675
1089
5077
6309
3090
6706
1838
2674
5341
4434
7270
5639
5672
3667
2761
1409
3298
3853
5682
4850
1662
5591
1638
11
4352
985
2560
5096
414
1081
5911
5375
5542
1883
3630
3025
1886
6123
7043
492
7926
1103
2506
2768
1504
4144
1837
6648
2851
7963
6531
6364
1578
1796
6579
7037
1769
7513
5907
6964
2129
2964
635
4830
3559
4524
4076
3525
2175
1477
1191
7690
911
1395
1342
4740
2710
227
7831
1518
4263
2704
3141
354
1494
2161
2192
1499
168
3664
3087
4667
4591
6564
1528
7388
1852
5590
6257
5987
5926
6392
1063
3250
4916
3762
1443
2452
5139
2584
1828
4983
1336
5154
6710
5998
2259
1381
5197
3113
4161
3872
823
1240
6430
5364
3622
1362
7469
161
363
5546
3350
690
6888
1824
5917
5396
1149
1541
6699
2549
4870
7457
3772
6467
3116
4274
4339
1357
3837
7760
4413
267
3023
3307
4398
503
856
3295
396
3676
607
2078
3021
7517
3318
6327
5212
3066
1625
1470
1256
6538
3651
4279
2243
2417
5093
896
956
233
2994
2177
5334
3482
5601
1576
6266
1267
7924
7244
1993
870
7285
4801
2074
5052
2595
3365
5306
339
6208
2673
3036
2772
4699
4789
4586
3253
4523
3687
3823
5775
2379
2185
4350
2978
2586
4044
5905
7838
1818
7058
1426
4898
6163
6867
2024
7136
3124
7811
7332
3377
6514
7488
2556
3475
3334
6118
6333
6543
571
6251
2392
4726
4004
4627
6534
1469
731
4712
5458
5990
6570
7355
5883
254
4373
6779
6041
7128
7551
4805
535
7882
1200
4238
423
6664
3314
5103
1540
6826
1277
6277
3123
2158
4526
799
999
7371
171
6340
6615
4828
5791
7117
1136
1479
6345
2404
4966
6722
7905
3686
4107
4910
1523
6211
3265
5656
5585
5931
585
4690
3065
3693
7686
6550
1720
7209
4454
1077
5431
3041
222
4367
6001
3015
6540
6803
7810
5997
1868
1043
4901
3911
1605
6671
7658
4246
505
5323
7150
5650
3914
3655
2557
2453
4197
529
5723
3346
4182
6791
3236
6862
6379
6294
2914
5070
3706
1359
1632
6432
908
5789
6700
5001
3437
5552
3230
5761
4405
3038
2936
3211
4804
6388
5026
2690
5610
1635
6412
6637
7343
4590
782
4559
3953
4837
4919
3809
3219
3102
4748
809
5355
3423
2370
1510
5090
6878
7549
126
466
6483
937
5688
2652
4960
1567
5255
7121
2774
1305
330
826
2503
4458
4195
5318
7266
6014
3435
4624
4594
5899
2020
4697
6770
3960
3107
2267
6927
5848
4315
3781
7986
1647
6013
6542
5954
6109
6445
7009
6793
5062
7470
1746
6136
7819
231
7892
1091
1475
14
482
4222
6223
4922
7613
76
905
28
2841
366
7318
5949
465
5251
7097
536
7233
7833
1783
3218
2653
277
5721
3539
3645
1580
187
4936
7826
3666
3554
1520
4800
752
2266
538
2848
2247
2097
6950
625
1839
1023
2271
1513
6021
4212
1548
7641
990
847
1842
83
1898
6884
1722
268
6853
2304
4932
7652
341
3394
4584
1492
3305
5038
3912
6197
4792
7520
5138
7073
6721
737
4507
7053
4167
3345
308
3076
6670
3822
7920
3477
7625
5426
1820
5924
1407
7133
3937
2427
2997
5973
944
1051
3093
3586
4090
6632
3189
3904
4889
3249
884
6677
283
3789
3536
909
7286
6350
112
5865
1717
3874
6301
3962
5230
2428
4808
6352
2540
2354
7648
1471
2068
6052
1603
7456
6332
7843
1484
3841
6783
1646
5088
1294
5305
5490
1490
7068
4820
3662
7731
5329
4275
6088
166
7487
7688
1703
2319
2083
2307
4720
6038
7472
3132
3366
4973
2149
5106
2328
7867
1765
2730
2103
4460
5729
4537
5072
1920
5383
4876
4982
2407
7712
4648
962
1112
1792
7259
65
1156
6676
1078
4202
2065
7824
5709
756
5434
2191
7446
257
1853
3975
5945
6273
5119
6679
3096
5651
7670
7705
6291
2645
2717
1624
4980
3480
1432
1970
5394
5472
5270
3481
3016
3756
472
1998
1442
6585
1219
2381
7475
6997
4379
6758
4264
7874
6390
1559
4389
4958
458
2821
2731
1186
6831
2189
42
6049
181
3098
2262
636
1345
4944
3463
974
5281
481
2121
4693
1329
7841
2159
1930
4955
1016
3814
7998
4566
457
2811
230
1171
1694
3910
91
1680
220
7947
6839
1038
6929
4864
5580
4388
787
6880
3575
1166
4145
6718
1859
1262
7906
5407
5100
3513
2912
5335
2213
7033
3881
881
3652
136
2327
1031
5162
7940
7087
1502
2876
6996
3414
5902
2982
5824
5937
89
7722
3682
4265
4158
2410
3301
7398
7800
4873
4048
7201
209
56
3806
2700
1858
7930
3721
7541
1891
1610
7052
7021
3672
4138
3256
2900
1332
2390
5211
7080
4732
6560
5017
106
346
103
6421
2605
3362
5811
2583
861
3611
5714
6485
7144
4556
7872
5036
270
6417
5471
4498
6287
6565
6633
2399
4445
1533
1968
6391
4984
6233
48
1007
7317
4351
2366
5317
2034
1093
6481
5819
4403
3196
5422
7740
2305
3947
6024
4399
6640
6059
775
4215
7529
7681
7901
2562
5885
2740
4262
863
6920
7965
6556
7741
6438
1085
7723
6661
7766
1203
5076
2211
1444
3220
2033
7122
4988
1309
3744
2326
7431
6472
4074
5342
6781
5713
4652
5700
3717
7501
6586
4692
1234
3545
6596
342
377
4666
5498
6801
2701
2919
2394
7964
1865
2416
4651
5818
933
7115
7599
4660
2750
1846
5189
6986
5275
2543
5069
4330
1579
1940
1245
1558
2671
4912
5457
1860
6871
4831
7204
7252
725
2435
5570
2732
848
608
7407
7048
3663
1906
1795
6180
69
1209
6365
4716
2962
5492
7881
7770
1933
2357
5356
4340
6749
281
3
7137
4887
1495
1527
2450
1964
5438
3733
3082
1485
1227
2141
4294
368
2668
1098
4580
243
4026
7817
4533
6022
1124
7615
1250
1979
7668
4353
1637
6622
7954
1819
4407
2771
3678
679
2581
2303
5158
2202
5302
5823
5242
5527
5594
279
1538
7313
5187
7858
7857
5208
644
3886
5969
951
2631
1921
4996
7228
27
73
1561
4198
3155
5746
4560
4495
1642
3735
6530
7104
1102
1822
7064
2827
173
4345
7023
2793
3840
1489
5955
4658
2816
4164
7271
3995
1544
2155
6151
743
5985
2636
3650
5747
432
3725
1569
7216
5763
4825
4149
926
467
172
3428
4519
2639
3223
6120
611
1777
5374
7173
1224
7880
5887
917
4194
1653
1654
3072
2067
2925
1543
6064
218
2495
17
5081
2324
3697
7451
4148
3199
4757
1321
5013
7027
1713
718
3080
5420
2716
2100
997
3560
3593
4030
2932
5750
3654
6626
5404
4784
4857
7773
3846
3851
4886
2300
2382
6099
5694
3455
7804
2487
4782
2464
1919
2819
4276
72
7661
1466
7700
5021
1310
4794
1129
1034
770
4348
6195
6832
4715
2726
528
3441
4999
7419
84
5171
603
4188
1641
3585
6854
7395
3251
3552
1105
5696
6366
1163
246
2852
5022
7976
5946
5261
3384
2010
3887
1232
2703
7440
3075
3385
1144
5314
565
4130
7297
1806
7621
2287
3252
3157
2681
1125
2338
899
1370
5476
4461
2777
5244
1169
5765
7324
2463
92
6914
236
7351
6396
7537
2385
7542
754
7123
7553
6248
7605
3386
5365
6383
7617
95
5652
5174
208
4414
372
6342
4470
3200
5718
4052
750
6253
683
2823
982
2984
5234
4930
2943
7795
734
6149
122
7782
1080
819
5144
1335
4846
4179
830
4842
2536
6442
6569
708
116
5245
5900
3291
303
3420
7821
3111
5229
7120
2497
5195
554
5910
882
1688
6080
3257
4239
7447
4626
1532
942
197
676
4845
4162
7739
7877
561
3402
2210
3032
7193
2859
6690
3562
2409
6489
5914
2445
4137
516
7889
5908
7702
2393
5019
1491
3836
2592
920
2476
104
442
5936
6295
3798
2281
7949
405
3959
7813
6946
2596
1273
5381
2284
6730
3692
6760
5720
583
7059
4298
7309
5798
6799
586
915
6558
669
2102
5145
790
862
2884
3642
6773
7758
2107
6081
6945
6176
1901
2080
6785
3162
5074
7307
7555
4563
1452
4242
6847
3197
4390
7258
7637
2056
3581
7556
7805
374
7491
3636
1182
3873
3202
4786
5071
2058
5751
6325
2434
7676
4086
5228
5602
1917
2136
522
1644
3392
772
1941
3605
7502
1889
1530
7977
4545
1152
4827
6454
5233
6316
2496
5716
1327
1040
6846
2924
5831
7
7377
5825
2376
7629
2707
869
2977
5181
922
4749
816
2348
3179
3390
3978
5833
60
2500
3188
7839
6504
4767
2934
540
3336
1802
5787
5881
7020
1338
5180
311
5311
811
1153
7861
188
2767
3178
382
5683
1480
4255
7014
2757
1667
7066
4701
3054
820
4412
234
5959
5830
4587
6288
5829
7240
5313
5840
25
6367
5646
1960
4763
3073
6259
1773
2022
3894
7098
4802
1679
4170
6926
7995
3993
5934
1888
6079
3903
4975
695
6466
2951
1454
1915
721
2209
3456
994
4985
2249
2227
6827
7146
7764
2256
2502
5770
7646
1887
5941
190
4369
2408
2473
3743
6981
4771
5199
6089
2241
2646
1318
1073
1977
5488
2472
3582
1691
566
3668
6407
3335
4055
7458
7653
5330
6587
138
6440
567
849
7701
7802
7072
600
5134
2648
4745
1570
5876
6369
7321
2237
1298
2193
3406
1148
5349
6372
4310
2880
5515
2028
3330
5027
2729
6645
1515
2432
4905
6404
7473
2807
4057
7292
3446
581
1987
5513
4785
6763
3942
2226
2904
742
7166
526
2173
1185
5762
5000
2709
6104
3069
2612
3012
6519
3440
1101
6518
2483
4978
3266
3681
1775
6449
4205
5528
7711
3279
64
6310
7643
3869
6457
100
1456
5545
5933
3019
6902
8000
3049
2870
3770
7558
3363
2057
3373
4956
8
2372
709
7897
5345
5505
5853
7818
656
6202
3623
3774
7183
1943
1455
3120
3374
3125
808
4511
4363
7467
6160
5797
1823
512
5391
2143
3187
3240
1420
145
3515
3408
2743
4466
7685
5466
1354
7830
3290
514
7662
6639
7082
1677
6685
1067
7261
6523
2152
1134
2349
3609
2655
4710
2693
109
2174
5993
4183
7738
6798
7205
4872
6553
6183
1639
6537
3677
1927
7000
7939
4256
4237
2961
7050
4134
4297
4939
6535
4543
1878
2744
1061
1449
5221
31
5376
447
5972
2331
6673
7589
375
2522
4395
4630
7945
4323
1453
5387
2023
5227
1840
4277
7243
1099
3963
878
7944
2221
6217
1008
6186
1459
4409
5226
7329
3263
7197
452
7210
2260
2529
2651
5224
1071
1412
7683
1367
448
237
6806
1804
4992
5857
3489
4920
2353
6885
6307
1312
5371
4266
4066
2014
7425
1242
3675
3293
1549
7792
7164
6546
3747
7507
6148
1974
2176
2739
1133
2060
1349
3018
5257
4861
5501
3321
5944
6297
3920
2617
5745
693
6886
1330
5430
455
2545
3068
4809
2132
443
1010
2508
1916
1496
1986
2853
5102
7578
3198
319
4477
4534
6173
46
4698
3097
2582
7008
7161
1293
651
788
5579
2680
3492
4791
1087
1893
3684
1615
1601
1056
117
3150
6062
7214
2118
4117
796
367
4510
4891
1109
1302
6436
3807
6694
7534
5384
6275
7025
7980
7772
928
2008
1122
5680
3857
2604
6603
6003
624
6045
6754
4597
1673
3964
3185
280
1246
6865
2769
5722
6646
3204
3264
6073
338
3952
6152
4284
3001
2523
2679
1350
1645
6512
2323
4746
4968
4649
2310
3746
1021
6983
5443
7933
2995
7917
1289
3701
584
5279
785
2383
191
998
1482
3648
7997
203
6244
5398
1525
6110
3825
1614
2689
947
6353
4094
3239
7408
652
5768
7996
4548
5285
5424
4874
3451
4598
1623
2466
5512
6411
5055
1947
3863
26
1115
7159
1784
5814
3535
5268
1931
557
7691
7845
2530
4101
4573
2359
967
5731
900
3657
5575
2917
7262
5184
5867
6330
6582
6381
245
4099
7274
7765
1666
745
4880
7769
3031
6157
1429
6280
2669
4173
5413
748
6960
1184
5351
495
1712
2171
3607
44
7139
7358
7217
5497
2798
275
7316
5982
7938
5222
1590
6794
649
6892
6125
7707
6225
3905
7017
5474
4325
6568
5252
6688
7012
6628
5408
5605
7338
5269
6591
6085
1193
7158
925
7634
2965
609
7936
1438
845
7450
6695
7891
3584
3369
4555
902
6942
5607
6631
973
3740
1692
397
7623
3749
409
1320
2179
5706
5092
364
5429
2647
7219
1503
6443
658
4544
833
6499
1433
7199
3370
7562
641
4383
2478
1326
3135
2983
7849
5350
6650
1604
6849
6857
6193
3827
7875
4254
5616
4341
3632
3861
2686
356
1821
5557
410
6410
7622
1572
2895
574
4639
5151
4070
4679
1956
844
4924
7468
5587
2579
5445
1206
7245
153
7630
5983
4381
7987
2402
6740
5327
7287
400
1600
7516
6566
5159
4092
5684
5359
3571
7748
4806
1700
943
2411
7007
5560
7984
2245
489
2124
7303
5644
2425
3339
4796
707
4111
1253
340
2854
1962
1252
3171
3206
1923
689
4141
6425
2532
1084
5963
147
4224
6713
1042
4337
1323
4942
6205
6308
7663
1507
7798
4604
1771
1785
2167
3127
5740
6108
3695
4554
4773
2926
2588
7188
3752
3537
720
1793
2609
7298
3558
127
6881
7640
3081
6206
5037
996
632
3805
5599
2308
3973
3047
5988
5448
6462
5468
183
3580
7387
7056
3351
3826
3262
7190
4558
4014
671
7180
7660
5628
4490
1461
2838
1457
3060
7015
4798
6532
2649
2461
710
5757
3527
5034
4708
6843
4326
3452
77
2572
1159
3924
6887
1030
2360
4210
6659
3340
5352
4139
3413
4287
4462
3637
3490
803
5636
7226
7983
2569
1622
6707
5711
1849
3754
2644
5967
1509
1620
7061
3544
5760
6192
4655
6939
3669
3691
3644
24
3418
2467
1167
4991
579
5786
5176
2906
2531
7585
6234
2894
5023
1699
351
771
7011
7753
3917
1424
5870
4951
6599
5312
1678
5921
6416
2792
5386
7888
4089
3168
1139
4096
269
1994
4866
7656
3159
6517
3591
206
3931
7078
4302
7153
5163
1696
5615
411
1095
7141
1851
3757
6270
4888
3830
7527
2580
6736
1973
1733
3154
3088
1719
684
4595
2640
716
3045
3944
3248
7200
2038
1210
7070
52
7372
5960
3484
7348
2622
3589
3212
4834
3217
255
987
5816
7879
336
7086
288
5564
1869
7029
927
783
6541
7791
321
4251
7793
3714
2092
6122
7498
3086
7727
2187
6893
6455
5533
2378
5061
430
7628
6305
5259
5436
5836
314
5210
471
1353
2423
1154
1661
3244
6590
4062
223
7935
5354
2810
1922
5664
3156
3347
7337
6584
4907
7642
6012
2314
4270
2585
2064
2220
4931
1832
1989
2976
3215
6877
6852
4259
594
5440
5063
3698
4013
4943
7633
5241
1120
2624
3312
1779
5002
3755
784
7675
334
7389
196
98
1581
5143
2910
7931
1652
6675
3333
4356
6619
2040
7464
45
6117
6138
872
3306
5379
4777
7595
761
178
4964
4288
2558
1873
4235
4940
6901
5553
3424
3936
6453
7434
426
7627
2016
654
7547
3500
2199
2941
6213
1736
3324
5126
1586
5179
2475
4529
2879
2110
1501
3271
1862
3898
4848
3893
1676
1394
4902
7171
6076
995
1382
5612
2601
4481
3149
1116
2320
6071
1872
1706
3229
2342
7611
1436
2642
2818
5263
5915
2222
7972
3122
3565
3849
696
3972
3438
6072
642
7077
2663
3194
5253
2231
2632
7717
4682
2099
4853
4219
572
54
5220
6237
1300
2019
6855
1316
6948
5886
7213
3327
6010
4478
3213
6254
6107
3897
498
6571
263
2436
7540
4295
329
4993
4759
4734
1731
3486
416
648
1908
63
694
2301
5450
1015
3234
5935
1064
248
5670
1243
5240
6561
4386
1534
3050
4022
5699
2126
4752
7416
3453
5880
4733
5595
591
6937
1749
3126
4200
3286
4486
5719
4400
5962
3982
1383
7543
3378
886
1508
2913
6768
3331
5473
873
6150
3576
544
7074
3439
3242
6115
3436
1481
3906
1565
5739
7402
2867
1854
6056
825
1004
2012
4180
1835
1119
5540
2554
5769
6728
198
477
3859
2856
895
3994
6660
4186
1521
5491
1841
3900
7847
6095
5613
1199
1355
7445
5194
386
3379
3858
5178
3322
4406
5611
3815
7424
7400
4072
7463
2857
2896
1296
1428
7142
6433
2538
6678
496
5614
3494
1611
3685
4078
6982
2683
5246
3308
2619
441
6876
2627
2574
7235
4155
4169
3674
6428
739
3505
1057
3118
2630
1460
3976
7927
5958
5971
5653
1560
6822
3768
4819
7499
5079
6349
4020
6818
4362
984
7747
3280
7759
7132
3590
1770
1386
5
4860
6613
2047
1
427
5283
7094
5112
7283
2236
6655
71
6529
3210
1953
3787
555
726
1458
7788
4540
252
7342
1036
3503
3007
3583
4168
4444
2296
454
3479
4100
1718
4097
2351
3400
7902
3854
3064
379
18
3738
2809
5767
1997
2163
2861
4463
3954
7512
5842
4879
4147
7278
3471
1573
4954
2610
3145
7010
6338
4115
3574
7119
3224
1079
7426
4320
3860
7131
3508
6908
2782
3285
170
4178
1966
558
7624
3356
5674
6825
2015
6375
5655
5992
4904
5903
2575
4536
6112
4646
4502
6776
6759
6680
2364
7620
7211
2618
4269
506
162
2111
1283
4431
3442
3003
371
757
1768
1914
3933
5872
6241
7443
7300
4795
2153
4375
7778
1266
2587
5743
6536
5250
120
2499
3231
4929
6242
3875
2828
2524
1882
6025
6355
3170
5964
6078
6976
2448
1643
4738
4641
1170
3680
2430
6716
4077
2837
7051
7263
2045
5855
2533
2157
4535
4371
1146
5262
5264
6841
971
4640
4209
839
7215
5912
2711
4206
5942
7678
3775
4676
6051
1800
5206
7601
3742
6106
7357
7837
3640
4191
2539
5204
4847
3968
1597
2384
2274
5266
5107
7699
108
5526
776
200
7744
1223
3540
2405
2347
5525
2269
1319
5098
7708
7840
7774
5320
7978
6042
2253
5432
3776
5981
5965
704
2096
2412
3943
4700
2509
6574
3061
875
3422
7635
4528
1082
5101
7352
2551
3549
7525
1113
1710
3810
493
2225
4421
2513
2491
5465
4927
4552
7049
4642
781
1805
1328
7781
4331
6919
3130
6717
7260
7071
3403
553
1551
5095
7207
4579
1150
130
1972
1617
4780
3024
1104
5254
1942
5582
6317
497
2144
7709
7127
6121
6966
2883
1285
5977
4335
6501
6828
7854
3820
546
5075
4129
2570
880
7590
5772
5291
2223
2492
6940
6398
6635
6575
422
7957
5147
1221
2419
1295
5122
1194
1281
3383
773
1774
2334
2109
5274
1278
43
3344
2481
7184
2789
5296
1222
2207
7582
7898
4336
6767
3661
4681
3034
1564
6181
211
4126
6715
7749
1368
7657
2063
6998
3504
3274
7368
494
7532
3259
945
7524
5859
5781
3043
2391
6126
7194
2803
1427
324
7304
5573
4974
5596
7028
631
3430
7218
2154
7186
5793
2628
2079
688
6944
1954
6224
6563
4657
5565
5630
4
7991
4118
6612
2945
6055
2273
7982
4508
137
2315
2718
2660
5414
1366
2656
7584
6252
592
2527
4829
3656
1404
7310
7016
2773
1847
4108
517
7587
615
5049
2607
1745
2702
6299
5687
6583
6693
1685
6554
5412
3299
5667
4546
2048
4517
3106
7684
1092
3139
4709
1755
3566
59
5624
5928
6656
4282
4654
1168
792
7918
736
7794
2672
2343
7102
3028
7884
4041
1761
619
2150
2658
97
3766
2140
4303
3716
3180
7687
6336
7149
5629
5766
5284
3115
2552
5020
1619
7677
1884
7333
5633
2654
6011
139
1472
4154
5976
955
4306
4610
3592
6617
1066
5085
1537
7320
901
3268
1228
1208
476
6463
5153
948
6164
1522
399
3793
2611
2373
2443
7275
5571
2947
6474
7249
5480
1180
2433
5832
1807
7138
13
4401
4346
4430
2139
3094
673
7163
3704
545
4240
4151
5010
5622
2344
40
1791
1596
7545
653
3569
376
4875
5539
6187
5502
1695
5668
5548
2616
7154
700
6573
2233
4290
7306
3091
1012
712
1187
2009
6578
7716
5666
7288
155
4635
769
5120
2593
7418
295
4273
7273
7112
7588
3939
3570
5258
7490
12
479
5940
7178
2135
4838
550
6105
2840
4359
7975
1726
5295
5366
2051
7414
2940
2974
3832
2066
2855
4443
4065
235
6812
7435
3174
39
2388
3833
21
3134
1861
4281
4576
3147
4934
3729
6231
2182
5537
5858
5532
2148
5167
2751
7090
7592
7531
387
4040
3649
7231
7250
510
617
6903
6967
7710
5322
6973
3621
4605
7354
6624
2887
3871
3222
1781
6265
2077
7846
2356
7110
2471
5558
4788
6528
4575
7855
5715
4253
2086
2183
5620
1511
4797
7442
1834
124
6719
5506
7169
305
930
2094
7106
30
3679
6851
4035
169
1202
3989
7040
4670
4293
6621
1716
3283
6154
5006
728
5339
6083
4378
4530
2112
328
812
3030
1826
4753
4859
5784
1351
7651
5892
3780
1028
5661
6413
1984
1048
2928
38
3228
1815
3709
3870
5470
7277
393
5439
2765
121
1709
4190
3472
3510
855
859
4608
2087
6869
621
2493
3533
6581
6258
5856
6665
7331
795
5164
5701
7251
1950
6268
2797
3201
4404
3518
1447
5005
3958
940
3332
6861
5749
7060
4550
4091
3579
1172
41
7951
5608
6598
2725
6823
2340
3890
2893
6215
1905
2504
2694
6304
5894
3146
4216
3367
2600
5932
2363
7130
5725
992
5362
7084
6978
6559
798
2954
5995
7736
1925
3891
6618
822
6904
3627
7814
4418
132
2920
5647
1752
2458
118
5276
4631
5693
459
5863
5730
4322
4482
6
5991
6303
890
107
961
6480
4684
627
1932
2151
159
741
6894
6898
3739
1555
4015
7751
4633
7570
4677
5820
2299
7801
7143
4408
5243
647
16
2825
1890
6836
7441
3722
2297
5464
2567
1135
1434
5111
5678
3207
753
4069
7923
2758
7563
4869
4125
533
1724
7873
7030
7034
6879
1991
831
4588
3476
1992
588
6409
2839
7505
3128
2145
7528
82
5756
5123
1790
1260
1737
3337
6994
2888
4714
6282
373
7762
4766
7771
1207
5256
6322
1055
1816
2986
2800
1069
6891
735
2629
4711
6360
2564
228
2875
1114
4036
989
4790
6968
5358
3191
3000
4163
867
2350
3638
417
2
2485
4776
2638
3099
5852
6170
5152
4883
143
5665
7191
1850
4003
3444
3788
7095
5813
1772
3617
2468
1585
5113
4493
407
3323
7241
406
7046
6177
1024
3425
215
7462
4177
6491
15
5938
1571
2261
7504
2333
4314
1322
7196
195
722
7268
7485
764
5623
6844
924
3626
4480
2625
276
1650
4385
1054
3838
6796
1165
5170
2238
2293
2098
5871
3970
6101
5332
2447
1408
3398
1788
4027
6943
5698
1554
6057
5695
6086
1138
1747
1981
5930
7786
3221
2311
6991
332
934
4680
4440
4002
1268
3628
4319
2869
6363
3260
3338
5382
1911
6955
1918
2958
6339
4664
1751
2505
5901
3778
5067
2114
5039
2846
6000
1729
2770
6196
7844
1969
6549
2817
2510
2055
480
5538
6209
1174
4309
2053
4116
3530
1885
7610
6780
6191
7921
3077
4476
1739
6358
361
4354
2414
6666
3364
4997
4961
3270
1803
5777
806
3376
2007
4119
1365
4213
404
5621
7990
5800
893
6439
1002
1216
7465
258
747
2866
5835
1225
7325
1686
4636
199
7246
5405
1959
6167
3044
6974
2922
5260
1183
4921
2254
5996
5033
6999
438
6127
7466
7444
606
6243
221
1299
2834
4778
5676
6957
4143
3835
4011
154
3137
3690
6408
2956
4054
4110
1423
2235
5896
2820
3596
3117
4577
1035
2501
6068
6526
449
7172
2697
5854
5218
5479
6203
667
7885
3108
34
6313
6456
85
954
6405
2872
5884
7784
2090
5389
801
7789
5677
2515
6601
6406
6800
3639
1909
3620
3801
5736
5754
6377
3272
6765
6422
5078
2000
7955
2006
7361
5411
4166
577
320
5834
2534
887
549
7667
1348
2692
3011
6788
4593
1732
425
3443
7054
2332
1867
6232
5292
2438
4623
7392
5461
5697
5286
6616
7290
7382
3568
2162
760
1833
1211
5524
7809
3795
5200
6506
7239
4318
2931
2742
2944
1967
362
4032
6516
5741
7694
5421
4429
4184
1664
6873
3329
1488
3996
1721
5004
4046
6696
3246
2923
7581
5370
2865
3732
6490
1026
5368
755
165
3786
261
2400
1913
1512
5796
5918
7134
3529
5395
1006
5041
6389
5838
3100
5980
6714
2418
1060
7750
5400
4236
4823
5459
2706
1609
251
300
6227
5632
5280
4492
4433
1372
2664
5177
6684
7564
4071
6058
7449
2784
3143
1935
2181
2251
1582
5104
7373
6450
5654
7836
5755
7036
7401
5649
1780
4527
2972
5185
3401
370
5484
7448
5249
6657
202
4261
4451
1415
677
1704
5051
7129
5217
4292
3718
6663
5495
3316
6668
7375
6834
4487
1983
6129
7092
3303
4840
7067
5337
5875
7156
6952
5099
5097
3613
1441
5979
4521
2987
4459
5510
5117
1379
4176
1630
3553
6705
2420
2915
3665
5627
389
5584
6348
58
730
3396
7254
6139
490
7602
1097
3723
6212
4257
3969
7195
1263
4976
7576
6142
6809
1672
4187
4617
2862
1140
355
7289
5989
1292
2999
1303
292
976
5247
1813
3381
4607
2029
4172
4214
2082
473
3683
1398
1971
4668
1238
1539
1111
3616
7704
1390
4300
2095
4737
6653
3473
5640
3296
464
6941
2188
2431
2850
3703
1107
7476
2909
1276
6147
1181
5409
2589
7614
3602
1787
2764
3389
7461
7806
5589
7745
547
6787
4446
5428
6447
7322
3916
1029
7979
5827
2306
5083
3297
3844
623
814
7715
4043
5397
3227
5372
1025
2398
6520
1659
4878
152
7803
3005
6385
4762
1557
3991
6373
3856
6074
691
4355
7075
6134
6764
1445
3164
6691
1044
4304
4029
846
1014
563
3932
6743
3070
6032
4744
6249
3459
7603
2071
2201
1879
3847
2346
4582
6140
101
3977
2921
4986
4267
7356
1978
5333
4080
6145
5708
5681
2535
1957
4742
7378
2406
5877
3173
1254
7612
7406
1361
2835
7787
3974
5046
3883
6509
4479
2200
5127
7410
3133
360
6708
3715
1608
4803
4244
2949
5360
7522
4196
5576
1419
2270
6368
2127
7269
6935
3763
5273
3824
1951
3855
6199
7650
2670
2957
3144
2279
3546
968
5444
6165
5815
1734
80
2289
2547
7101
4678
2076
907
3186
1088
1742
7038
3956
6102
6936
7659
6335
5895
1126
7432
6448
7057
1697
160
1195
131
5925
2395
6198
7405
1514
3587
1599
1762
3879
96
5213
7679
6279
2778
7732
568
7367
6870
3896
639
6511
345
5499
2762
5898
5441
5155
5053
3208
5851
6910
3573
2318
1627
4868
7961
274
4730
23
6034
6858
436
2004
5974
226
2054
7438
4296
3700
3848
1958
4755
5267
6609
5369
6002
4728
1744
259
2979
2937
5588
4885
4909
6774
4437
1907
4241
5626
1380
4425
4971
4565
7480
3273
3010
3808
418
7890
864
6732
6374
7893
3214
5916
4541
7045
2565
4234
6219
1553
5216
4223
6766
4347
4384
6394
5543
4199
3889
1801
210
5882
1364
5406
384
7323
958
2905
7822
3791
3433
1636
177
1462
640
1160
7550
2361
3326
4768
4140
7189
2948
6970
4977
3121
1401
6296
2184
6751
50
5850
6909
6627
6795
3794
3276
903
4268
6933
7256
81
167
5600
67
6807
1903
4717
1782
841
4844
5860
5744
2341
1143
6900
6247
2561
365
3880
6370
4815
1418
7895
3864
5631
5843
4157
4839
3727
3597
6588
5637
68
2966
4361
408
2178
2959
6704
2719
318
6752
1435
4453
148
5508
4060
7597
2130
3909
2521
6835
7005
6738
7604
7866
7572
4694
1244
6498
4821
664
2295
2294
5638
3304
1464
6913
6899
3110
3572
284
6239
2518
5392
537
4865
2760
7510
6174
6701
1811
5304
2170
6054
4475
4271
278
4743
3158
643
123
5183
7807
2046
7022
5658
5115
6604
6047
3694
7548
113
4439
2298
1313
2657
6652
5961
2542
3165
4201
1317
1857
3753
6075
4051
2705
3328
1656
5142
3935
520
5994
4686
7118
4311
6654
4696
2833
891
570
3641
3445
4963
2494
7024
3416
3112
7284
7988
6414
7237
657
599
5160
4307
4365
960
5417
6629
4160
6875
6925
7689
4770
4900
1110
2203
4120
1157
2252
598
6804
5029
5353
4893
315
2882
767
525
62
7430
3563
827
6681
3876
1037
5808
5802
4659
201
7334
53
1039
4313
6146
1707
5690
3882
2166
5344
394
582
4515
4656
4564
5566
1214
3892
2722
4122
5388
4703
2953
4972
1598
1059
7852
7896
1425
4812
1808
1714
264
7103
3409
2429
3166
2795
6726
3945
6221
7966
857
972
1257
6066
4613
1753
6216
6261
5427
5132
7960
3913
4308
2330
6883
2971
4332
6060
6278
2578
5523
5225
910
3771
3195
2075
6256
6756
4945
6989
1902
7062
6597
2766
3965
6915
5783
1963
5196
3556
6039
521
7697
1417
7099
6061
6689
638
6029
3089
1463
5315
4892
5603
923
6702
4895
5572
90
3930
6777
4779
4093
3862
5544
3689
7823
3550
7521
3292
335
1631
3048
7429
2822
5236
2219
7386
6100
133
4419
800
307
7454
5645
2708
5679
7147
2938
4599
2415
2528
1378
4218
7812
4142
6341
2455
1587
2897
5889
2352
2217
2802
3561
6810
7943
2489
6116
3046
7508
7390
3534
7069
4589
5455
4344
4520
470
4473
7145
1013
2389
1876
3987
7452
6724
1760
1961
2603
1657
949
1128
33
2608
5209
7229
7638
541
7093
680
3819
2339
4671
7484
2091
885
6698
3026
6672
4525
4911
6921
2998
3498
4334
4494
3671
1197
1937
560
398
6797
7908
2026
2623
2824
6975
2733
4672
1740
2371
6995
5136
4632
6492
317
469
4499
3487
6451
1693
5331
2832
2874
2967
7453
6044
3829
6236
6119
4813
7863
6988
6470
1988
2514
2108
4570
7227
4836
6082
2843
3415
5559
913
1437
2451
225
6647
1542
2804
3673
4278
5909
415
7089
3634
6819
2634
4938
7281
5031
1258
1033
687
1131
4376
4793
3567
1763
6918
5475
3004
5347
7539
1189
5774
7385
4695
6923
7956
701
4729
5618
4357
2214
2439
7728
6230
6840
1894
1626
4455
2285
6311
146
6019
946
4068
7140
3368
3405
7900
1130
7530
3375
1198
6037
7364
6324
2790
287
507
6272
1929
2196
182
5294
3313
5861
6600
7242
6245
852
4571
2763
3603
1562
4691
3997
474
3707
6830
4601
5192
6911
2929
1952
1498
3751
2239
7904
877
1009
3588
612
5116
266
6356
5087
35
532
530
129
2072
2365
6593
1683
7002
4917
2113
4817
5239
1934
6441
5066
6985
1050
1000
110
5922
5844
499
7003
291
6882
6344
7478
1830
6548
1651
5662
6156
4250
461
1524
5494
2164
3624
5202
3899
5641
2577
5114
6114
194
705
797
2386
1483
1239
4291
3245
2781
4053
1358
3182
6290
4741
789
5516
633
5299
3008
853
462
991
429
5717
5089
1049
6757
184
5541
1589
6015
2085
2734
6077
4504
2044
1450
1340
6400
6669
3712
316
7198
7327
4719
3813
7535
4736
3184
2783
2698
6098
2559
6250
6111
3138
1173
1799
157
6028
4181
4299
5403
6748
2474
344
7114
1556
4569
2003
1175
7575
176
2035
5141
6171
7255
6922
698
1411
5879
4643
6954
3929
1287
1363
1440
573
7934
6292
7404
1247
5724
3797
6323
7631
524
4457
7958
6874
2437
6262
5609
4644
4585
6872
7925
5685
2325
2013
4731
4450
2873
4871
7238
1306
3907
5301
4949
501
2397
204
5779
2620
2470
675
1836
2776
5336
9
5943
6246
6207
5738
3551
7730
2265
6459
618
2039
7552
6329
29
678
310
616
4877
5822
7267
4050
4049
7946
451
7827
57
3462
6131
6094
4899
2030
3131
4849
3429
3800
19
6427
1402
6471
6641
4061
2168
6634
1072
7695
6567
2032
7202
4132
2120
3042
2720
5487
5923
7116
1027
5308
3901
6711
3190
4121
1376
5771
4128
786
2131
3782
3426
539
7721
7644
7561
1274
4260
983
2050
4718
5378
699
4370
7928
7567
7187
1052
2093
7257
5780
7580
6008
2602
6522
5551
6319
5293
3237
1897
513
3998
4581
6346
5453
1045
1526
2042
6805
593
2626
7253
6289
4247
37
3979
2788
2172
1812
1628
4787
6255
7500
1602
1727
6493
3951
193
5173
978
4217
3360
7725
2138
3085
7315
6692
5024
938
5503
2041
6594
2754
7370
1904
6502
3726
4688
3748
6201
604
2070
2104
2424
2968
349
5182
7412
2980
4382
3502
6962
5469
322
453
1875
6331
4231
2216
3659
4948
3457
4616
4316
6159
3284
1249
3488
7832
1789
1517
4995
4913
4516
7330
2752
7586
3104
1217
5520
1337
5018
1591
4104
5604
575
2992
4456
3708
2106
5500
4578
3152
883
2123
4750
3519
1689
5804
6928
2511
7856
3509
3027
821
424
5939
3325
4669
3464
7835
6934
3310
5135
931
3670
3172
3522
4572
1877
2759
2512
7482
4073
352
3277
4807
358
7862
5703
6487
7565
144
3884
620
7593
7985
5847
6415
4343
4625
2313
5929
4706
4221
2727
2721
6302
5032
5169
484
6069
4896
4124
1577
6649
6733
2665
828
229
5577
6753
4103
2446
7571
6932
3517
6326
3353
815
5868
2125
3785
7206
6930
5778
6924
2981
4970
6572
7829
2069
179
2614
1226
874
3507
7871
4283
216
7649
7763
2935
7437
4689
2911
4990
5435
304
2454
6782
959
5675
3006
6821
7942
929
174
7779
626
5727
1999
3496
439
3022
1529
4393
7742
6362
4915
1347
2165
142
7509
7381
3084
5157
2290
7347
1410
450
7932
2990
7232
682
5467
7369
2317
6321
1288
428
4618
5050
6423
4230
5433
3516
3431
3410
4634
3711
7734
7848
802
2550
7311
1451
488
4596
4962
7055
7546
3142
1649
3647
4333
6281
1505
5968
774
3803
1764
3731
5550
1360
3799
719
5507
738
7165
2197
2205
7948
4674
5897
981
7886
2748
135
2490
7335
3625
766
2950
2813
564
1778
1179
2288
2877
6084
5198
3342
7894
1725
2240
2801
7350
2723
7177
3372
4312
1912
4208
843
1535
2576
2194
3412
5125
5124
4464
1178
7503
5477
2465
6745
3949
4933
1640
3915
7682
7481
3615
2049
6484
7272
5975
3699
2661
1766
2459
3447
102
1728
4047
2180
4583
502
6200
5643
2814
3371
5586
2276
4518
2960
7600
1145
3501
6271
1594
7912
3520
4832
6361
5148
6137
3062
2526
6050
2667
6220
4488
93
2421
7746
6682
1279
1377
7974
5056
7420
1497
5486
4017
7680
7655
2847
348
2728
578
3817
1400
5657
4615
3834
7360
4033
2498
6623
1075
4721
5367
889
5449
3926
383
1017
7828
6837
2278
7959
6905
5415
3095
5214
6552
4005
1388
4447
2362
2088
5190
5904
1848
5518
4372
4702
431
5201
4364
486
5686
580
7560
6642
4102
1352
4514
1393
4471
4799
3495
5410
1949
6444
2666
2641
4994
5166
3866
1430
4531
6813
2449
6033
1311
3992
3014
1754
7396
4245
1259
4783
2525
3842
2322
323
723
7724
2881
5509
7026
7919
4843
906
1486
2594
4765
5517
5803
6424
2212
6229
6168
2456
2544
2517
595
2955
6829
7909
5950
630
794
590
4127
4621
3783
1196
5030
6956
3358
7282
3961
2930
4016
3497
6048
5493
7421
7608
3852
463
2081
3153
5319
7878
6046
3688
6378
6735
1863
3079
1545
5634
4204
4606
4935
4175
5082
7619
4989
7035
3764
2031
6589
6508
7181
5065
1671
5303
6859
5728
3921
2286
660
740
5452
3918
1032
4816
5511
4894
7044
518
1690
282
4722
4272
2122
6838
7264
4432
5028
7869
5309
534
3169
7247
1856
2052
5043
7394
2186
2682
5536
1280
6494
975
7265
306
325
892
4538
7761
6938
4491
4153
7559
7179
5521
7152
1738
1665
6848
6009
762
2637
3557
6194
1474
4392
6020
3867
1864
4415
1142
2368
3017
1955
3818
2005
6040
2891
4647
511
7339
1011
1389
163
4006
3895
7768
879
289
2735
1062
4165
2741
2537
3397
2890
1618
1385
6515
7815
3845
421
1926
1945
5913
158
5593
746
4882
5040
391
3606
4225
817
1020
692
5460
3071
4024
5094
3767
6087
5373
7796
6545
4193
3604
5891
5635
3238
6437
7349
4063
1845
7492
219
7953
2908
6958
6435
1568
5966
6161
4441
4427
5776
3941
835
1286
2606
2677
851
1275
2713
1005
5326
1284
55
5999
7726
5248
523
350
854
5059
7365
4532
75
6132
1730
3258
3927
5361
3140
4411
456
3176
1629
7929
5357
1809
2134
1936
5137
5290
7175
6214
3598
2860
1384
3514
7230
6274
2242
20
7834
2061
4380
7776
7579
7039
3999
1701
435
932
1047
1201
3175
6035
5866
460
446
5390
7973
2037
7439
3511
6240
3804
1547
6595
478
4858
1301
5278
7221
491
7079
988
1855
4906
1944
388
3161
6226
1325
1975
5003
1371
5272
2073
1478
4396
6811
7568
824
6298
6334
2291
6162
5393
7754
5805
4897
7428
6166
3177
4185
5673
6382
587
5287
702
3745
3784
5416
7065
1996
2218
7174
4192
2775
6802
4926
4612
5161
2337
5454
5671
3984
3419
818
1759
3773
4019
7105
3183
941
729
4903
6418
2659
602
5569
4452
6608
4497
1814
6431
4368
6712
7417
3702
7899
2387
1405
5812
4756
6709
3521
3203
2688
3355
2190
1229
7328
6864
2737
3225
6478
4012
637
2142
3395
6833
4665
3380
4112
2736
6286
6175
1271
6610
5298
3181
5109
6172
6135
1965
1373
6917
4867
4653
5288
888
2615
2815
4105
6580
3734
6468
2613
4500
1369
7703
6184
36
7544
5948
265
5385
935
2858
3950
963
4098
668
3983
6091
850
1090
6473
4391
3119
6602
3940
7295
2871
88
2017
7344
78
2255
4083
5951
2749
3163
5168
4967
569
4600
2812
7280
86
2787
7616
7276
3759
5150
7674
3612
5568
7493
87
4358
4629
1108
3601
5578
7109
253
5839
3233
5011
7967
6510
4562
7910
3129
5265
5828
840
1663
6953
4754
3020
7515
2367
4220
6320
4723
6533
7989
939
3033
1315
4289
4031
3275
1106
4959
6746
697
763
5893
4059
7538
7755
353
2946
7345
3114
4211
7999
5058
7913
6337
3109
6737
5920
842
858
6824
5642
3037
7474
6969
5625
3831
7312
32
6606
964
5691
2228
7506
5984
4841
897
5514
343
5534
3359
5519
7363
3192
151
1670
7865
2685
6611
5324
508
5130
601
2426
1421
6912
4328
3393
2796
6306
3407
3411
7248
7489
6315
4438
3052
868
1413
3878
2952
7486
2283
2599
4228
5064
5084
6063
3287
1711
4852
6124
3528
5237
6397
5188
4645
865
4426
4280
5705
4704
6016
7526
3542
1668
7573
2933
1612
916
717
7047
3391
4513
5205
5704
7971
5788
6513
7706
4957
5617
6820
6190
2043
1687
5008
5042
6992
4028
5862
2462
2117
3235
4925
6979
597
1606
5873
5807
7168
3254
7459
3241
6228
4087
1976
1346
7155
5597
5044
1708
614
3790
2973
4489
2403
4614
4833
4203
7729
7182
5583
2975
5289
6446
2001
2520
4045
6638
49
3802
6557
2277
2864
2316
759
2272
6667
6931
2662
919
3928
4751
2779
313
6860
7914
6687
6461
5110
3719
2312
4229
2377
4114
758
5952
3055
2309
3063
6130
807
3349
7671
979
4908
3040
7340
921
3653
1825
4038
3348
6004
1519
7713
715
7185
4707
6495
7496
7222
1374
1158
1810
1019
4914
3548
4233
7639
5986
4081
5878
6889
294
3434
2206
3600
1074
7380
4010
685
3578
293
7225
3792
7645
6961
2695
7808
6755
3619
217
2878
3990
589
119
115
7743
7308
7341
2128
2678
4547
7618
5817
434
437
2889
2806
834
6178
5846
4775
5692
6658
4769
5456
1750
5149
4509
3226
661
7632
2480
5232
6907
5504
5782
3361
4567
4468
4042
6866
2597
1465
10
6185
2479
3843
1881
5689
7767
6090
2863
3660
2745
6143
4435
301
6328
4037
7319
4135
5554
70
402
4146
6686
164
4360
6007
1607
2280
5437
1681
1634
7719
3160
3608
1817
665
2898
6577
3925
4472
1121
5118
5906
3105
4082
1053
1307
2160
6476
559
629
6269
4761
7113
419
1255
4952
576
1939
5890
7004
2805
2268
99
6300
47
1648
3981
6314
5956
6605
6972
6293
6460
6896
1068
5425
6620
156
1236
445
5970
674
5418
6128
3205
4397
7594
224
6769
7752
1141
4423
189
6469
7162
7301
444
515
7495
1468
7041
7669
4918
4620
6420
1675
551
2621
2724
5129
7968
6465
1308
2826
3341
6971
3478
950
1995
3468
260
4856
1985
3454
7859
6017
6850
4301
7477
1343
1220
3750
1669
1487
4152
1550
5547
706
3631
7096
837
6607
4416
3216
3821
6402
805
4159
4650
6727
5927
7167
5277
3955
5522
7236
6477
5733
3261
5481
6890
655
1041
3357
1588
2907
666
6625
6284
125
5795
1416
5531
3051
904
749
4417
285
4673
1333
7433
4226
6786
1844
2541
1269
2633
7091
6210
1574
4542
3209
4123
286
1339
6643
6562
936
1743
3957
5193
6747
6376
5271
5742
2756
3421
4321
7714
296
1137
914
7081
1473
5325
4724
3938
2916
1233
1065
5482
2198
5014
2571
2482
5012
7606
5759
3311
326
4747
6401
1592
3986
5219
1414
7937
4969
175
4941
1776
2715
5447
6916
392
298
5478
1117
4826
5648
5348
2215
5764
3812
3467
1356
487
1928
3317
6845
1467
5231
543
4252
2246
5446
6030
1375
6980
273
2469
5726
3506
7234
66
5663
5806
3035
3646
5734
1448
7111
5207
5025
271
836
6576
1192
986
3736
1871
6144
2258
2244
7696
5496
2993
6906
3448
192
1213
519
829
953
4928
6551
5423
1096
768
6357
711
6963
7031
714
3765
7870
7969
2918
6429
5659
5363
5068
3302
4950
7868
4448
6959
793
7916
4009
7519
1613
6235
4687
6384
5442
331
4662
4156
7842
1205
5451
4467
2650
7533
5133
3294
2146
5215
4483
232
2635
1046
4946
6497
3450
4557
6720
6065
4503
3532
3635
6817
5108
7085
6987
504
1674
3493
2886
5340
3948
475
2292
6218
7383
4884
5874
3255
6544
4131
7950
3966
4084
6507
5328
7212
5186
6387
5080
483
3850
5707
5947
7941
6169
2785
4025
1575
780
1682
1655
6043
7577
1798
713
4394
5131
6772
2899
4338
6283
7994
744
5792
4505
7157
3908
7609
7471
1621
7922
7853
2232
663
7514
7006
3564
5156
3610
7596
610
1506
970
4258
6426
2208
6734
3469
2169
3399
6158
6204
5015
6977
3796
4705
1022
4189
1843
2799
2676
2566
4067
238
7797
1946
5567
7108
6182
212
2119
4088
3737
6816
5377
4890
2902
3922
7423
6842
4285
150
3713
3315
3946
605
4023
791
3760
1190
3934
333
5048
2229
7497
6965
3059
659
5669
2477
6744
6141
4574
2484
2369
114
1265
969
5888
4008
5794
5060
1297
6703
2062
1058
7790
4835
2885
1741
4387
390
4501
5419
509
6036
7293
7607
4981
5529
5297
7757
3300
5752
5007
1161
912
1531
5009
5953
681
242
5091
6539
1241
2687
6521
4133
5140
5592
6784
613
4772
6393
1705
3013
7673
244
7302
468
3354
2486
3538
22
4174
2507
5282
6475
531
3458
2137
5702
7203
1870
952
7511
4227
4324
4937
4079
7735
1633
6630
5483
205
1827
3232
3523
6868
894
5841
4034
2548
1980
2989
4735
898
1235
7883
7160
1584
2903
6729
2794
1132
6351
1735
3029
4021
1076
7336
7001