1
2
3
4
5
6
7
8
9
10
11
12
13
14
15
16
17
18
19
20
21
22
23
24
25
26
27
28
29
30
31
32
33
34
35
36
37
38
39
40
41
42
43
44
45
46
47
48
49
50
51
52
53
54
55
56
57
58
59
60
61
62
63
64
65
66
67
68
69
70
71
72
73
74
75
76
77
78
79
80
81
82
83
84
85
86
87
88
89
90
91
92
93
94
95
96
97
98
99
100
101
102
103
104
105
106
107
108
109
110
111
112
113
114
115
116
117
118
119
120
121
122
123
124
125
126
127
128
129
130
131
132
133
134
135
136
137
138
139
140
141
142
143
144
145
146
147
148
149
150
151
152
153
154
155
156
157
158
159
160
161
162
163
164
165
166
167
168
169
170
171
172
173
174
175
176
177
178
179
180
181
182
183
184
185
186
187
188
189
190
191
192
193
194
195
196
197
198
199
200
201
202
203
204
205
206
207
208
209
210
211
212
213
214
215
216
217
218
219
220
221
222
223
224
225
226
227
228
229
230
231
232
233
234
235
236
237
238
239
240
241
242
243
244
245
246
247
248
249
250
251
252
253
254
255
256
257
258
259
260
261
262
263
264
265
266
267
268
269
270
271
272
273
274
275
276
277
278
279
280
281
282
283
284
285
286
287
288
289
290
291
292
293
294
295
296
297
298
299
300
301
302
303
304
305
306
307
308
309
310
311
312
313
314
315
316
317
318
319
320
321
322
323
324
325
326
327
328
329
330
331
332
333
334
335
336
337
338
339
340
341
342
343
344
345
346
347
348
349
350
351
352
353
354
355
356
357
358
359
360
361
362
363
364
365
366
367
368
369
370
371
372
373
374
375
376
377
378
379
380
381
382
383
384
385
386
387
388
389
390
391
392
393
394
395
396
397
398
399
400
401
402
403
404
405
406
407
408
409
410
411
412
413
414
415
416
417
418
419
420
421
422
423
424
425
426
427
428
429
430
431
432
433
434
435
436
437
438
439
440
441
442
443
444
445
446
447
448
449
450
451
452
453
454
455
456
457
458
459
460
461
462
463
464
465
466
467
468
469
470
471
472
473
474
475
476
477
478
479
480
481
482
483
484
485
486
487
488
489
490
491
492
493
494
495
496
497
498
499
500
501
502
503
504
505
506
507
508
509
510
511
512
513
514
515
516
517
518
519
520
521
522
523
524
525
526
527
528
529
530
531
532
533
534
535
536
537
538
539
540
541
542
543
544
545
546
547
548
549
550
551
552
553
554
555
556
557
558
559
560
561
562
563
564
565
566
567
568
569
570
571
572
573
574
575
576
577
578
579
580
581
582
583
584
585
586
587
588
589
590
591
592
593
594
595
596
597
598
599
600
601
602
603
604
605
606
607
608
609
610
611
612
613
614
615
616
617
618
619
620
621
622
623
624
625
626
627
628
629
630
631
632
633
634
635
636
637
638
639
640
641
642
643
644
645
646
647
648
649
650
651
652
653
654
655
656
657
658
659
660
661
662
663
664
665
666
667
668
669
670
671
672
673
674
675
676
677
678
679
680
681
682
683
684
685
686
687
688
689
690
691
692
693
694
695
696
697
698
699
700
701
702
703
704
705
706
707
708
709
710
711
712
713
714
715
716
717
718
719
720
721
722
723
724
725
726
727
728
729
730
731
732
733
734
735
736
737
738
739
740
741
742
743
744
745
746
747
748
749
750
1221
929
757
1211
1277
804
923
1091
924
1136
1130
1402
770
913
1353
971
1288
1105
1440
990
1190
759
849
1436
1208
1142
1355
1454
1420
1143
791
1171
1003
993
955
1196
869
880
813
1460
979
1259
812
1437
1265
882
953
763
1395
1308
808
1382
1296
1354
987
1085
1236
1250
1343
1441
998
977
876
1443
1188
1151
902
1202
1499
1040
1409
1480
888
1425
1037
1237
1350
818
986
1100
1461
1229
1348
1434
1041
1424
1107
1102
1331
1025
1047
916
1377
1149
1447
940
1028
845
1380
1223
988
961
1245
1341
1470
766
1108
837
1083
868
1077
1183
1485
1012
792
1116
846
823
1241
1141
973
1156
1032
1195
1069
1045
1125
775
1169
867
1234
780
1233
1167
871
942
1397
1471
821
1393
1412
1378
1272
1043
830
1103
989
1231
1153
1201
1301
1364
883
769
1262
881
1185
1238
1295
1122
884
1066
1351
1339
1117
1349
1088
753
1375
908
911
1193
948
1282
890
832
1439
1198
1422
1112
864
1255
1242
950
926
946
1330
1403
1374
1092
1484
1008
1276
954
879
1379
1384
1134
982
947
870
1474
1209
1268
1462
858
1005
1481
1309
1050
1240
1013
877
887
807
872
898
1360
1219
1187
949
966
1299
1307
1079
1275
787
1310
1306
917
1119
850
956
1336
1179
1000
1180
1049
1182
1293
1203
1086
793
981
1487
1352
972
1449
1345
843
1472
1490
1206
1176
1148
1070
1291
781
974
1429
1039
921
1007
795
1314
1303
835
1342
991
1152
1046
761
1305
859
951
779
939
840
1017
933
1224
1139
1194
910
1035
1392
935
1453
1200
1081
1010
772
817
797
1318
1312
1016
1065
1157
1492
1491
1248
1184
1328
1129
980
1368
1423
992
1057
1062
760
1478
1064
1135
1038
1099
1401
836
1247
1266
915
1055
1294
764
1337
754
803
1172
1124
1120
829
1051
1114
1080
1329
1150
1026
1053
1386
1416
1227
1075
1031
895
1253
1413
899
1073
944
1283
1011
777
1467
962
1340
1001
1210
1084
1279
1457
927
751
1034
1289
1168
1432
1154
889
1263
1356
841
857
1225
1054
833
1056
1333
1144
1140
918
975
1419
959
900
1164
1061
920
1387
1121
930
1394
1106
1430
1205
1204
976
1235
1469
1317
1464
903
957
1452
1128
931
1239
855
755
782
984
798
1261
1021
1252
1033
1042
999
1381
919
1323
1177
1160
1486
822
1334
844
1147
1400
1321
809
1173
1320
892
786
771
1191
768
866
1327
1396
960
842
1058
862
1389
1189
1067
819
785
1495
1254
1371
1027
1216
853
790
1256
1155
1285
1477
1113
1473
1020
1370
936
1494
1278
834
1014
1174
828
909
1082
970
985
1458
1170
865
1214
1438
1281
1304
1406
1297
1280
1060
1132
1244
824
848
958
878
1444
825
995
774
831
1358
1408
1479
932
1165
1313
1500
1006
1435
1137
1138
1267
1335
1018
897
1475
1097
1161
994
965
968
1015
1123
1217
1101
1468
1009
1127
1290
874
1159
794
1365
1076
1068
1175
1311
1284
815
1146
906
820
1385
1366
1111
1302
1418
1455
893
983
826
928
1367
1369
1407
952
805
1372
811
1450
1029
1493
1226
1126
1325
1110
1036
765
776
1427
1426
922
1089
827
894
1496
1158
1488
1361
1383
1445
1273
861
1249
1388
839
1322
1300
1258
1243
802
752
1118
860
1433
800
799
1332
1338
1482
1257
1199
1344
969
1024
1192
1431
1246
997
756
938
1390
1186
762
1004
912
1052
943
1373
847
1260
1218
1166
1078
1442
1163
1405
907
1363
854
1228
1404
905
945
1324
1071
1095
873
1319
1230
783
1019
1421
1269
1090
886
1346
1357
1220
978
1093
1415
934
1207
1417
1398
901
796
806
816
1446
1483
941
851
1315
1271
1498
1411
852
784
1215
967
904
1096
1074
885
758
1104
1044
1212
1264
789
996
863
1428
1181
1270
1063
1414
937
1456
1459
1410
1251
838
1362
1131
1476
875
896
1213
1030
1391
914
856
1098
1465
1162
1466
964
1023
1022
1133
1072
963
1359
1145
1087
1094
773
1232
1376
801
788
1109
1286
1451
1178
1298
810
1292
778
1002
1399
1048
1274
1326
1316
1059
814
767
1489
1287
1197
1448
925
1497
1463
1115
891
1222
1347