492
383
64
337
393
226
61
243
160
333
55
295
272
158
216
88
426
70
191
416
397
105
489
469
240
66
250
242
3
310
445
19
218
77
86
212
65
46
258
57
488
491
428
434
410
257
414
94
290
196
123
497
165
401
247
490
346
193
85
164
12
391
427
256
467
484
21
278
199
74
311
328
471
415
22
249
482
245
409
2
101
322
11
335
343
379
154
96
288
314
292
329
131
309
67
118
395
470
108
133
37
45
44
267
138
195
466
340
367
315
144
440
130
264
460
474
330
361
363
465
321
463
296
495
318
40
268
80
418
24
76
23
170
16
430
500
219
48
87
282
448
293
486
20
38
350
187
175
423
4
189
235
386
59
452
381
287
464
307
262
437
377
453
294
172
444
353
181
421
331
202
209
429
117
17
451
9
92
83
388
478
178
30
362
375
149
122
163
407
244
392
200
281
400
280
265
364
252
186
369
224
68
141
104
72
184
102
148
313
39
479
233
347
270
142
473
182
25
351
441
109
273
422
53
472
225
116
190
51
7
81
197
411
121
431
487
394
404
173
143
412
327
483
382
496
462
403
180
339
348
455
166
185
26
286
298
435
52
380
132
449
338
229
134
323
297
234
365
89
103
33
436
125
499
106
49
424
192
432
317
308
100
153
385
356
402
113
137
157
201
251
34
41
139
271
332
349
159
32
146
396
358
188
115
443
211
253
206
305
223
248
238
316
99
324
98
325
320
417
360
342
95
368
150
210
18
71
275
387
442
171
5
179
420
413
299
300
373
75
291
326
119
207
304
73
205
183
129
425
237
29
494
208
8
79
454
341
35
168
263
301
69
112
433
221
145
90
54
439
344
227
376
114
13
63
261
31
334
36
97
498
152
47
194
384
42
390
419
128
236
127
14
136
161
169
481
93
359
27
405
217
246
259
302
283
458
255
239
6
476
220
354
135
456
389
450
1
50
493
126
468
124
399
222
459
167
398
370
107
366
232
176
438
151
215
408
260
62
352
56
406
84
228
120
319
485
378
289
336
15
372
82
279
480
174
306
277
303
276
155
147
78
475
203
254
374
156
241
162
230
43
110
111
91
28
60
457
274
58
447
371
140
266
198
312
204
213
214
231
477
345
284
355
357
10
285
446
177
461
269