1
2
3
4
5
6
7
8
9
10
11
12
13
14
15
16
17
18
19
20
21
22
23
24
25
26
27
28
29
30
31
32
33
34
35
36
37
38
39
40
41
42
43
44
45
46
47
48
49
50
51
52
53
54
55
56
57
58
59
60
61
62
63
64
65
66
67
68
69
70
71
72
73
74
75
76
77
78
79
80
81
82
83
84
85
86
87
88
89
90
91
92
93
94
95
96
97
98
99
100
101
102
103
104
105
106
107
108
109
110
111
112
113
114
115
116
117
118
119
120
121
122
123
124
125
126
127
128
129
130
131
132
133
134
135
136
137
138
139
140
141
142
143
144
145
146
147
148
149
150
151
152
153
154
155
156
157
158
159
160
161
162
163
164
165
166
167
168
169
170
171
172
173
174
175
176
177
178
179
180
181
182
183
184
185
186
187
188
189
190
191
192
193
194
195
196
197
198
199
200
201
202
203
204
205
206
207
208
209
210
211
212
213
214
215
216
217
218
219
220
221
222
223
224
225
226
227
228
229
230
231
232
233
234
235
236
237
238
239
240
241
242
243
244
245
246
247
248
249
250
251
252
253
254
255
256
257
258
259
260
261
262
263
264
265
266
267
268
269
270
271
272
273
274
275
276
277
278
279
280
281
282
283
284
285
286
287
288
289
290
291
292
293
294
295
296
297
298
299
300
301
302
303
304
305
306
307
308
309
310
311
312
313
314
315
316
317
318
319
320
321
322
323
324
325
326
327
328
329
330
331
332
333
334
335
336
337
338
339
340
341
342
343
344
345
346
347
348
349
350
351
352
353
354
355
356
357
358
359
360
361
362
363
364
365
366
367
368
369
370
371
372
373
374
375
376
377
378
379
380
381
382
383
384
385
386
387
388
389
390
391
392
393
394
395
396
397
398
399
400
401
402
403
404
405
406
407
408
409
410
411
412
413
414
415
416
417
418
419
420
421
422
423
424
425
426
427
428
429
430
431
432
433
434
435
436
437
438
439
440
441
442
443
444
445
446
447
448
449
450
451
452
453
454
455
456
457
458
459
460
461
462
463
464
465
466
467
468
469
470
471
472
473
474
475
476
477
478
479
480
481
482
483
484
485
486
487
488
489
490
491
492
493
494
495
496
497
498
499
500
501
502
503
504
505
506
507
508
509
510
511
512
513
514
515
516
517
518
519
520
521
522
523
524
525
526
527
528
529
530
531
532
533
534
535
536
537
538
539
540
541
542
543
544
545
546
547
548
549
550
551
552
553
554
555
556
557
558
559
560
561
562
563
564
565
566
567
568
569
570
571
572
573
574
575
576
577
578
579
580
581
582
583
584
585
586
587
588
589
590
591
592
593
594
595
596
597
598
599
600
601
602
603
604
605
606
607
608
609
610
611
612
613
614
615
616
617
618
619
620
621
622
623
624
625
626
627
628
629
630
631
632
633
634
635
636
637
638
639
640
641
642
643
644
645
646
647
648
649
650
651
652
653
654
655
656
657
658
659
660
661
662
663
664
665
666
667
668
669
670
671
672
673
674
675
676
677
678
679
680
681
682
683
684
685
686
687
688
689
690
691
692
693
694
695
696
697
698
699
700
701
702
703
704
705
706
707
708
709
710
711
712
713
714
715
716
717
718
719
720
721
722
723
724
725
726
727
728
729
730
731
732
733
734
735
736
737
738
739
740
741
742
743
744
745
746
747
748
749
750
751
752
753
754
755
756
757
758
759
760
761
762
763
764
765
766
767
768
769
770
771
772
773
774
775
776
777
778
779
780
781
782
783
784
785
786
787
788
789
790
791
792
793
794
795
796
797
798
799
800
801
802
803
804
805
806
807
808
809
810
811
812
813
814
815
816
817
818
819
820
821
822
823
824
825
826
827
828
829
830
831
832
833
834
835
836
837
838
839
840
841
842
843
844
845
846
847
848
849
850
851
852
853
854
855
856
857
858
859
860
861
862
863
864
865
866
867
868
869
870
871
872
873
874
875
876
877
878
879
880
881
882
883
884
885
886
887
888
889
890
891
892
893
894
895
896
897
898
899
900
901
902
903
904
905
906
907
908
909
910
911
912
913
914
915
916
917
918
919
920
921
922
923
924
925
926
927
928
929
930
931
932
933
934
935
936
937
938
939
940
941
942
943
944
945
946
947
948
949
950
951
952
953
954
955
956
957
958
959
960
961
962
963
964
965
966
967
968
969
970
971
972
973
974
975
976
977
978
979
980
981
982
983
984
985
986
987
988
989
990
991
992
993
994
995
996
997
998
999
1000
1001
1002
1003
1004
1005
1006
1007
1008
1009
1010
1011
1012
1013
1014
1015
1016
1017
1018
1019
1020
1021
1022
1023
1024
1025
1026
1027
1028
1029
1030
1031
1032
1033
1034
1035
1036
1037
1038
1039
1040
1041
1042
1043
1044
1045
1046
1047
1048
1049
1050
1051
1052
1053
1054
1055
1056
1057
1058
1059
1060
1061
1062
1063
1064
1065
1066
1067
1068
1069
1070
1071
1072
1073
1074
1075
1076
1077
1078
1079
1080
1081
1082
1083
1084
1085
1086
1087
1088
1089
1090
1091
1092
1093
1094
1095
1096
1097
1098
1099
1100
1101
1102
1103
1104
1105
1106
1107
1108
1109
1110
1111
1112
1113
1114
1115
1116
1117
1118
1119
1120
1121
1122
1123
1124
1125
1126
1127
1128
1129
1130
1131
1132
1133
1134
1135
1136
1137
1138
1139
1140
1141
1142
1143
1144
1145
1146
1147
1148
1149
1150
1151
1152
1153
1154
1155
1156
1157
1158
1159
1160
1161
1162
1163
1164
1165
1166
1167
1168
1169
1170
1171
1172
1173
1174
1175
1176
1177
1178
1179
1180
1181
1182
1183
1184
1185
1186
1187
1188
1189
1190
1191
1192
1193
1194
1195
1196
1197
1198
1199
1200
1201
1202
1203
1204
1205
1206
1207
1208
1209
1210
1211
1212
1213
1214
1215
1216
1217
1218
1219
1220
1221
1222
1223
1224
1225
1226
1227
1228
1229
1230
1231
1232
1233
1234
1235
1236
1237
1238
1239
1240
1241
1242
1243
1244
1245
1246
1247
1248
1249
1250
1251
1252
1253
1254
1255
1256
1257
1258
1259
1260
1261
1262
1263
1264
1265
1266
1267
1268
1269
1270
1271
1272
1273
1274
1275
1276
1277
1278
1279
1280
1281
1282
1283
1284
1285
1286
1287
1288
1289
1290
1291
1292
1293
1294
1295
1296
1297
1298
1299
1300
1301
1302
1303
1304
1305
1306
1307
1308
1309
1310
1311
1312
1313
1314
1315
1316
1317
1318
1319
1320
1321
1322
1323
1324
1325
1326
1327
1328
1329
1330
1331
1332
1333
1334
1335
1336
1337
1338
1339
1340
1341
1342
1343
1344
1345
1346
1347
1348
1349
1350
1351
1352
1353
1354
1355
1356
1357
1358
1359
1360
1361
1362
1363
1364
1365
1366
1367
1368
1369
1370
1371
1372
1373
1374
1375
1376
1377
1378
1379
1380
1381
1382
1383
1384
1385
1386
1387
1388
1389
1390
1391
1392
1393
1394
1395
1396
1397
1398
1399
1400
1401
1402
1403
1404
1405
1406
1407
1408
1409
1410
1411
1412
1413
1414
1415
1416
1417
1418
1419
1420
1421
1422
1423
1424
1425
1426
1427
1428
1429
1430
1431
1432
1433
1434
1435
1436
1437
1438
1439
1440
1441
1442
1443
1444
1445
1446
1447
1448
1449
1450
1451
1452
1453
1454
1455
1456
1457
1458
1459
1460
1461
1462
1463
1464
1465
1466
1467
1468
1469
1470
1471
1472
1473
1474
1475
1476
1477
1478
1479
1480
1481
1482
1483
1484
1485
1486
1487
1488
1489
1490
1491
1492
1493
1494
1495
1496
1497
1498
1499
1500
1501
1502
1503
1504
1505
1506
1507
1508
1509
1510
1511
1512
1513
1514
1515
1516
1517
1518
1519
1520
1521
1522
1523
1524
1525
1526
1527
1528
1529
1530
1531
1532
1533
1534
1535
1536
1537
1538
1539
1540
1541
1542
1543
1544
1545
1546
1547
1548
1549
1550
1551
1552
1553
1554
1555
1556
1557
1558
1559
1560
1561
1562
1563
1564
1565
1566
1567
1568
1569
1570
1571
1572
1573
1574
1575
1576
1577
1578
1579
1580
1581
1582
1583
1584
1585
1586
1587
1588
1589
1590
1591
1592
1593
1594
1595
1596
1597
1598
1599
1600
1601
1602
1603
1604
1605
1606
1607
1608
1609
1610
1611
1612
1613
1614
1615
1616
1617
1618
1619
1620
1621
1622
1623
1624
1625
1626
1627
1628
1629
1630
1631
1632
1633
1634
1635
1636
1637
1638
1639
1640
1641
1642
1643
1644
1645
1646
1647
1648
1649
1650
1651
1652
1653
1654
1655
1656
1657
1658
1659
1660
1661
1662
1663
1664
1665
1666
1667
1668
1669
1670
1671
1672
1673
1674
1675
1676
1677
1678
1679
1680
1681
1682
1683
1684
1685
1686
1687
1688
1689
1690
1691
1692
1693
1694
1695
1696
1697
1698
1699
1700
1701
1702
1703
1704
1705
1706
1707
1708
1709
1710
1711
1712
1713
1714
1715
1716
1717
1718
1719
1720
1721
1722
1723
1724
1725
1726
1727
1728
1729
1730
1731
1732
1733
1734
1735
1736
1737
1738
1739
1740
1741
1742
1743
1744
1745
1746
1747
1748
1749
1750
1751
1752
1753
1754
1755
1756
1757
1758
1759
1760
1761
1762
1763
1764
1765
1766
1767
1768
1769
1770
1771
1772
1773
1774
1775
1776
1777
1778
1779
1780
1781
1782
1783
1784
1785
1786
1787
1788
1789
1790
1791
1792
1793
1794
1795
1796
1797
1798
1799
1800
1801
1802
1803
1804
1805
1806
1807
1808
1809
1810
1811
1812
1813
1814
1815
1816
1817
1818
1819
1820
1821
1822
1823
1824
1825
1826
1827
1828
1829
1830
1831
1832
1833
1834
1835
1836
1837
1838
1839
1840
1841
1842
1843
1844
1845
1846
1847
1848
1849
1850
1851
1852
1853
1854
1855
1856
1857
1858
1859
1860
1861
1862
1863
1864
1865
1866
1867
1868
1869
1870
1871
1872
1873
1874
1875
1876
1877
1878
1879
1880
1881
1882
1883
1884
1885
1886
1887
1888
1889
1890
1891
1892
1893
1894
1895
1896
1897
1898
1899
1900
1901
1902
1903
1904
1905
1906
1907
1908
1909
1910
1911
1912
1913
1914
1915
1916
1917
1918
1919
1920
1921
1922
1923
1924
1925
1926
1927
1928
1929
1930
1931
1932
1933
1934
1935
1936
1937
1938
1939
1940
1941
1942
1943
1944
1945
1946
1947
1948
1949
1950
1951
1952
1953
1954
1955
1956
1957
1958
1959
1960
1961
1962
1963
1964
1965
1966
1967
1968
1969
1970
1971
1972
1973
1974
1975
1976
1977
1978
1979
1980
1981
1982
1983
1984
1985
1986
1987
1988
1989
1990
1991
1992
1993
1994
1995
1996
1997
1998
1999
2000
2001
2002
2003
2004
2005
2006
2007
2008
2009
2010
2011
2012
2013
2014
2015
2016
2017
2018
2019
2020
2021
2022
2023
2024
2025
2026
2027
2028
2029
2030
2031
2032
2033
2034
2035
2036
2037
2038
2039
2040
2041
2042
2043
2044
2045
2046
2047
2048
2049
2050
2051
2052
2053
2054
2055
2056
2057
2058
2059
2060
2061
2062
2063
2064
2065
2066
2067
2068
2069
2070
2071
2072
2073
2074
2075
2076
2077
2078
2079
2080
2081
2082
2083
2084
2085
2086
2087
2088
2089
2090
2091
2092
2093
2094
2095
2096
2097
2098
2099
2100
2101
2102
2103
2104
2105
2106
2107
2108
2109
2110
2111
2112
2113
2114
2115
2116
2117
2118
2119
2120
2121
2122
2123
2124
2125
2126
2127
2128
2129
2130
2131
2132
2133
2134
2135
2136
2137
2138
2139
2140
2141
2142
2143
2144
2145
2146
2147
2148
2149
2150
2151
2152
2153
2154
2155
2156
2157
2158
2159
2160
2161
2162
2163
2164
2165
2166
2167
2168
2169
2170
2171
2172
2173
2174
2175
2176
2177
2178
2179
2180
2181
2182
2183
2184
2185
2186
2187
2188
2189
2190
2191
2192
2193
2194
2195
2196
2197
2198
2199
2200
2201
2202
2203
2204
2205
2206
2207
2208
2209
2210
2211
2212
2213
2214
2215
2216
2217
2218
2219
2220
2221
2222
2223
2224
2225
2226
2227
2228
2229
2230
2231
2232
2233
2234
2235
2236
2237
2238
2239
2240
2241
2242
2243
2244
2245
2246
2247
2248
2249
2250
2251
2252
2253
2254
2255
2256
2257
2258
2259
2260
2261
2262
2263
2264
2265
2266
2267
2268
2269
2270
2271
2272
2273
2274
2275
2276
2277
2278
2279
2280
2281
2282
2283
2284
2285
2286
2287
2288
2289
2290
2291
2292
2293
2294
2295
2296
2297
2298
2299
2300
2301
2302
2303
2304
2305
2306
2307
2308
2309
2310
2311
2312
2313
2314
2315
2316
2317
2318
2319
2320
2321
2322
2323
2324
2325
2326
2327
2328
2329
2330
2331
2332
2333
2334
2335
2336
2337
2338
2339
2340
2341
2342
2343
2344
2345
2346
2347
2348
2349
2350
2351
2352
2353
2354
2355
2356
2357
2358
2359
2360
2361
2362
2363
2364
2365
2366
2367
2368
2369
2370
2371
2372
2373
2374
2375
2376
2377
2378
2379
2380
2381
2382
2383
2384
2385
2386
2387
2388
2389
2390
2391
2392
2393
2394
2395
2396
2397
2398
2399
2400
2401
2402
2403
2404
2405
2406
2407
2408
2409
2410
2411
2412
2413
2414
2415
2416
2417
2418
2419
2420
2421
2422
2423
2424
2425
2426
2427
2428
2429
2430
2431
2432
2433
2434
2435
2436
2437
2438
2439
2440
2441
2442
2443
2444
2445
2446
2447
2448
2449
2450
2451
2452
2453
2454
2455
2456
2457
2458
2459
2460
2461
2462
2463
2464
2465
2466
2467
2468
2469
2470
2471
2472
2473
2474
2475
2476
2477
2478
2479
2480
2481
2482
2483
2484
2485
2486
2487
2488
2489
2490
2491
2492
2493
2494
2495
2496
2497
2498
2499
2500
2501
2502
2503
2504
2505
2506
2507
2508
2509
2510
2511
2512
2513
2514
2515
2516
2517
2518
2519
2520
2521
2522
2523
2524
2525
2526
2527
2528
2529
2530
2531
2532
2533
2534
2535
2536
2537
2538
2539
2540
2541
2542
2543
2544
2545
2546
2547
2548
2549
2550
2551
2552
2553
2554
2555
2556
2557
2558
2559
2560
2561
2562
2563
2564
2565
2566
2567
2568
2569
2570
2571
2572
2573
2574
2575
2576
2577
2578
2579
2580
2581
2582
2583
2584
2585
2586
2587
2588
2589
2590
2591
2592
2593
2594
2595
2596
2597
2598
2599
2600
2601
2602
2603
2604
2605
2606
2607
2608
2609
2610
2611
2612
2613
2614
2615
2616
2617
2618
2619
2620
2621
2622
2623
2624
2625
2626
2627
2628
2629
2630
2631
2632
2633
2634
2635
2636
2637
2638
2639
2640
2641
2642
2643
2644
2645
2646
2647
2648
2649
2650
2651
2652
2653
2654
2655
2656
2657
2658
2659
2660
2661
2662
2663
2664
2665
2666
2667
2668
2669
2670
2671
2672
2673
2674
2675
2676
2677
2678
2679
2680
2681
2682
2683
2684
2685
2686
2687
2688
2689
2690
2691
2692
2693
2694
2695
2696
2697
2698
2699
2700
2701
2702
2703
2704
2705
2706
2707
2708
2709
2710
2711
2712
2713
2714
2715
2716
2717
2718
2719
2720
2721
2722
2723
2724
2725
2726
2727
2728
2729
2730
2731
2732
2733
2734
2735
2736
2737
2738
2739
2740
2741
2742
2743
2744
2745
2746
2747
2748
2749
2750
2751
2752
2753
2754
2755
2756
2757
2758
2759
2760
2761
2762
2763
2764
2765
2766
2767
2768
2769
2770
2771
2772
2773
2774
2775
2776
2777
2778
2779
2780
2781
2782
2783
2784
2785
2786
2787
2788
2789
2790
2791
2792
2793
2794
2795
2796
2797
2798
2799
2800
2801
2802
2803
2804
2805
2806
2807
2808
2809
2810
2811
2812
2813
2814
2815
2816
2817
2818
2819
2820
2821
2822
2823
2824
2825
2826
2827
2828
2829
2830
2831
2832
2833
2834
2835
2836
2837
2838
2839
2840
2841
2842
2843
2844
2845
2846
2847
2848
2849
2850
2851
2852
2853
2854
2855
2856
2857
2858
2859
2860
2861
2862
2863
2864
2865
2866
2867
2868
2869
2870
2871
2872
2873
2874
2875
2876
2877
2878
2879
2880
2881
2882
2883
2884
2885
2886
2887
2888
2889
2890
2891
2892
2893
2894
2895
2896
2897
2898
2899
2900
2901
2902
2903
2904
2905
2906
2907
2908
2909
2910
2911
2912
2913
2914
2915
2916
2917
2918
2919
2920
2921
2922
2923
2924
2925
2926
2927
2928
2929
2930
2931
2932
2933
2934
2935
2936
2937
2938
2939
2940
2941
2942
2943
2944
2945
2946
2947
2948
2949
2950
2951
2952
2953
2954
2955
2956
2957
2958
2959
2960
2961
2962
2963
2964
2965
2966
2967
2968
2969
2970
2971
2972
2973
2974
2975
2976
2977
2978
2979
2980
2981
2982
2983
2984
2985
2986
2987
2988
2989
2990
2991
2992
2993
2994
2995
2996
2997
2998
2999
3000
3001
3002
3003
3004
3005
3006
3007
3008
3009
3010
3011
3012
3013
3014
3015
3016
3017
3018
3019
3020
3021
3022
3023
3024
3025
3026
3027
3028
3029
3030
3031
3032
3033
3034
3035
3036
3037
3038
3039
3040
3041
3042
3043
3044
3045
3046
3047
3048
3049
3050
3051
3052
3053
3054
3055
3056
3057
3058
3059
3060
3061
3062
3063
3064
3065
3066
3067
3068
3069
3070
3071
3072
3073
3074
3075
3076
3077
3078
3079
3080
3081
3082
3083
3084
3085
3086
3087
3088
3089
3090
3091
3092
3093
3094
3095
3096
3097
3098
3099
3100
3101
3102
3103
3104
3105
3106
3107
3108
3109
3110
3111
3112
3113
3114
3115
3116
3117
3118
3119
3120
3121
3122
3123
3124
3125
3126
3127
3128
3129
3130
3131
3132
3133
3134
3135
3136
3137
3138
3139
3140
3141
3142
3143
3144
3145
3146
3147
3148
3149
3150
3151
3152
3153
3154
3155
3156
3157
3158
3159
3160
3161
3162
3163
3164
3165
3166
3167
3168
3169
3170
3171
3172
3173
3174
3175
3176
3177
3178
3179
3180
3181
3182
3183
3184
3185
3186
3187
3188
3189
3190
3191
3192
3193
3194
3195
3196
3197
3198
3199
3200
3201
3202
3203
3204
3205
3206
3207
3208
3209
3210
3211
3212
3213
3214
3215
3216
3217
3218
3219
3220
3221
3222
3223
3224
3225
3226
3227
3228
3229
3230
3231
3232
3233
3234
3235
3236
3237
3238
3239
3240
3241
3242
3243
3244
3245
3246
3247
3248
3249
3250
3251
3252
3253
3254
3255
3256
3257
3258
3259
3260
3261
3262
3263
3264
3265
3266
3267
3268
3269
3270
3271
3272
3273
3274
3275
3276
3277
3278
3279
3280
3281
3282
3283
3284
3285
3286
3287
3288
3289
3290
3291
3292
3293
3294
3295
3296
3297
3298
3299
3300
3301
3302
3303
3304
3305
3306
3307
3308
3309
3310
3311
3312
3313
3314
3315
3316
3317
3318
3319
3320
3321
3322
3323
3324
3325
3326
3327
3328
3329
3330
3331
3332
3333
3334
3335
3336
3337
3338
3339
3340
3341
3342
3343
3344
3345
3346
3347
3348
3349
3350
3351
3352
3353
3354
3355
3356
3357
3358
3359
3360
3361
3362
3363
3364
3365
3366
3367
3368
3369
3370
3371
3372
3373
3374
3375
3376
3377
3378
3379
3380
3381
3382
3383
3384
3385
3386
3387
3388
3389
3390
3391
3392
3393
3394
3395
3396
3397
3398
3399
3400
3401
3402
3403
3404
3405
3406
3407
3408
3409
3410
3411
3412
3413
3414
3415
3416
3417
3418
3419
3420
3421
3422
3423
3424
3425
3426
3427
3428
3429
3430
3431
3432
3433
3434
3435
3436
3437
3438
3439
3440
3441
3442
3443
3444
3445
3446
3447
3448
3449
3450
3451
3452
3453
3454
3455
3456
3457
3458
3459
3460
3461
3462
3463
3464
3465
3466
3467
3468
3469
3470
3471
3472
3473
3474
3475
3476
3477
3478
3479
3480
3481
3482
3483
3484
3485
3486
3487
3488
3489
3490
3491
3492
3493
3494
3495
3496
3497
3498
3499
3500
3501
3502
3503
3504
3505
3506
3507
3508
3509
3510
3511
3512
3513
3514
3515
3516
3517
3518
3519
3520
3521
3522
3523
3524
3525
3526
3527
3528
3529
3530
3531
3532
3533
3534
3535
3536
3537
3538
3539
3540
3541
3542
3543
3544
3545
3546
3547
3548
3549
3550
3551
3552
3553
3554
3555
3556
3557
3558
3559
3560
3561
3562
3563
3564
3565
3566
3567
3568
3569
3570
3571
3572
3573
3574
3575
3576
3577
3578
3579
3580
3581
3582
3583
3584
3585
3586
3587
3588
3589
3590
3591
3592
3593
3594
3595
3596
3597
3598
3599
3600
3601
3602
3603
3604
3605
3606
3607
3608
3609
3610
3611
3612
3613
3614
3615
3616
3617
3618
3619
3620
3621
3622
3623
3624
3625
3626
3627
3628
3629
3630
3631
3632
3633
3634
3635
3636
3637
3638
3639
3640
3641
3642
3643
3644
3645
3646
3647
3648
3649
3650
3651
3652
3653
3654
3655
3656
3657
3658
3659
3660
3661
3662
3663
3664
3665
3666
3667
3668
3669
3670
3671
3672
3673
3674
3675
3676
3677
3678
3679
3680
3681
3682
3683
3684
3685
3686
3687
3688
3689
3690
3691
3692
3693
3694
3695
3696
3697
3698
3699
3700
3701
3702
3703
3704
3705
3706
3707
3708
3709
3710
3711
3712
3713
3714
3715
3716
3717
3718
3719
3720
3721
3722
3723
3724
3725
3726
3727
3728
3729
3730
3731
3732
3733
3734
3735
3736
3737
3738
3739
3740
3741
3742
3743
3744
3745
3746
3747
3748
3749
3750
3751
3752
3753
3754
3755
3756
3757
3758
3759
3760
3761
3762
3763
3764
3765
3766
3767
3768
3769
3770
3771
3772
3773
3774
3775
3776
3777
3778
3779
3780
3781
3782
3783
3784
3785
3786
3787
3788
3789
3790
3791
3792
3793
3794
3795
3796
3797
3798
3799
3800
3801
3802
3803
3804
3805
3806
3807
3808
3809
3810
3811
3812
3813
3814
3815
3816
3817
3818
3819
3820
3821
3822
3823
3824
3825
3826
3827
3828
3829
3830
3831
3832
3833
3834
3835
3836
3837
3838
3839
3840
3841
3842
3843
3844
3845
3846
3847
3848
3849
3850
3851
3852
3853
3854
3855
3856
3857
3858
3859
3860
3861
3862
3863
3864
3865
3866
3867
3868
3869
3870
3871
3872
3873
3874
3875
3876
3877
3878
3879
3880
3881
3882
3883
3884
3885
3886
3887
3888
3889
3890
3891
3892
3893
3894
3895
3896
3897
3898
3899
3900
3901
3902
3903
3904
3905
3906
3907
3908
3909
3910
3911
3912
3913
3914
3915
3916
3917
3918
3919
3920
3921
3922
3923
3924
3925
3926
3927
3928
3929
3930
3931
3932
3933
3934
3935
3936
3937
3938
3939
3940
3941
3942
3943
3944
3945
3946
3947
3948
3949
3950
3951
3952
3953
3954
3955
3956
3957
3958
3959
3960
3961
3962
3963
3964
3965
3966
3967
3968
3969
3970
3971
3972
3973
3974
3975
3976
3977
3978
3979
3980
3981
3982
3983
3984
3985
3986
3987
3988
3989
3990
3991
3992
3993
3994
3995
3996
3997
3998
3999
4000
4001
4002
4003
4004
4005
4006
4007
4008
4009
4010
4011
4012
4013
4014
4015
4016
4017
4018
4019
4020
4021
4022
4023
4024
4025
4026
4027
4028
4029
4030
4031
4032
4033
4034
4035
4036
4037
4038
4039
4040
4041
4042
4043
4044
4045
4046
4047
4048
4049
4050
4051
4052
4053
4054
4055
4056
4057
4058
4059
4060
4061
4062
4063
4064
4065
4066
4067
4068
4069
4070
4071
4072
4073
4074
4075
4076
4077
4078
4079
4080
4081
4082
4083
4084
4085
4086
4087
4088
4089
4090
4091
4092
4093
4094
4095
4096
4097
4098
4099
4100
4101
4102
4103
4104
4105
4106
4107
4108
4109
4110
4111
4112
4113
4114
4115
4116
4117
4118
4119
4120
4121
4122
4123
4124
4125
4126
4127
4128
4129
4130
4131
4132
4133
4134
4135
4136
4137
4138
4139
4140
4141
4142
4143
4144
4145
4146
4147
4148
4149
4150
4151
4152
4153
4154
4155
4156
4157
4158
4159
4160
4161
4162
4163
4164
4165
4166
4167
4168
4169
4170
4171
4172
4173
4174
4175
4176
4177
4178
4179
4180
4181
4182
4183
4184
4185
4186
4187
4188
4189
4190
4191
4192
4193
4194
4195
4196
4197
4198
4199
4200
4201
4202
4203
4204
4205
4206
4207
4208
4209
4210
4211
4212
4213
4214
4215
4216
4217
4218
4219
4220
4221
4222
4223
4224
4225
4226
4227
4228
4229
4230
4231
4232
4233
4234
4235
4236
4237
4238
4239
4240
4241
4242
4243
4244
4245
4246
4247
4248
4249
4250
4251
4252
4253
4254
4255
4256
4257
4258
4259
4260
4261
4262
4263
4264
4265
4266
4267
4268
4269
4270
4271
4272
4273
4274
4275
4276
4277
4278
4279
4280
4281
4282
4283
4284
4285
4286
4287
4288
4289
4290
4291
4292
4293
4294
4295
4296
4297
4298
4299
4300
4301
4302
4303
4304
4305
4306
4307
4308
4309
4310
4311
4312
4313
4314
4315
4316
4317
4318
4319
4320
4321
4322
4323
4324
4325
4326
4327
4328
4329
4330
4331
4332
4333
4334
4335
4336
4337
4338
4339
4340
4341
4342
4343
4344
4345
4346
4347
4348
4349
4350
4351
4352
4353
4354
4355
4356
4357
4358
4359
4360
4361
4362
4363
4364
4365
4366
4367
4368
4369
4370
4371
4372
4373
4374
4375
4376
4377
4378
4379
4380
4381
4382
4383
4384
4385
4386
4387
4388
4389
4390
4391
4392
4393
4394
4395
4396
4397
4398
4399
4400
4401
4402
4403
4404
4405
4406
4407
4408
4409
4410
4411
4412
4413
4414
4415
4416
4417
4418
4419
4420
4421
4422
4423
4424
4425
4426
4427
4428
4429
4430
4431
4432
4433
4434
4435
4436
4437
4438
4439
4440
4441
4442
4443
4444
4445
4446
4447
4448
4449
4450
4451
4452
4453
4454
4455
4456
4457
4458
4459
4460
4461
4462
4463
4464
4465
4466
4467
4468
4469
4470
4471
4472
4473
4474
4475
4476
4477
4478
4479
4480
4481
4482
4483
4484
4485
4486
4487
4488
4489
4490
4491
4492
4493
4494
4495
4496
4497
4498
4499
4500
4501
4502
4503
4504
4505
4506
4507
4508
4509
4510
4511
4512
4513
4514
4515
4516
4517
4518
4519
4520
4521
4522
4523
4524
4525
4526
4527
4528
4529
4530
4531
4532
4533
4534
4535
4536
4537
4538
4539
4540
4541
4542
4543
4544
4545
4546
4547
4548
4549
4550
4551
4552
4553
4554
4555
4556
4557
4558
4559
4560
4561
4562
4563
4564
4565
4566
4567
4568
4569
4570
4571
4572
4573
4574
4575
4576
4577
4578
4579
4580
4581
4582
4583
4584
4585
4586
4587
4588
4589
4590
4591
4592
4593
4594
4595
4596
4597
4598
4599
4600
4601
4602
4603
4604
4605
4606
4607
4608
4609
4610
4611
4612
4613
4614
4615
4616
4617
4618
4619
4620
4621
4622
4623
4624
4625
4626
4627
4628
4629
4630
4631
4632
4633
4634
4635
4636
4637
4638
4639
4640
4641
4642
4643
4644
4645
4646
4647
4648
4649
4650
4651
4652
4653
4654
4655
4656
4657
4658
4659
4660
4661
4662
4663
4664
4665
4666
4667
4668
4669
4670
4671
4672
4673
4674
4675
4676
4677
4678
4679
4680
4681
4682
4683
4684
4685
4686
4687
4688
4689
4690
4691
4692
4693
4694
4695
4696
4697
4698
4699
4700
4701
4702
4703
4704
4705
4706
4707
4708
4709
4710
4711
4712
4713
4714
4715
4716
4717
4718
4719
4720
4721
4722
4723
4724
4725
4726
4727
4728
4729
4730
4731
4732
4733
4734
4735
4736
4737
4738
4739
4740
4741
4742
4743
4744
4745
4746
4747
4748
4749
4750
4751
4752
4753
4754
4755
4756
4757
4758
4759
4760
4761
4762
4763
4764
4765
4766
4767
4768
4769
4770
4771
4772
4773
4774
4775
4776
4777
4778
4779
4780
4781
4782
4783
4784
4785
4786
4787
4788
4789
4790
4791
4792
4793
4794
4795
4796
4797
4798
4799
4800
4801
4802
4803
4804
4805
4806
4807
4808
4809
4810
4811
4812
4813
4814
4815
4816
4817
4818
4819
4820
4821
4822
4823
4824
4825
4826
4827
4828
4829
4830
4831
4832
4833
4834
4835
4836
4837
4838
4839
4840
4841
4842
4843
4844
4845
4846
4847
4848
4849
4850
4851
4852
4853
4854
4855
4856
4857
4858
4859
4860
4861
4862
4863
4864
4865
4866
4867
4868
4869
4870
4871
4872
4873
4874
4875
4876
4877
4878
4879
4880
4881
4882
4883
4884
4885
4886
4887
4888
4889
4890
4891
4892
4893
4894
4895
4896
4897
4898
4899
4900
4901
4902
4903
4904
4905
4906
4907
4908
4909
4910
4911
4912
4913
4914
4915
4916
4917
4918
4919
4920
4921
4922
4923
4924
4925
4926
4927
4928
4929
4930
4931
4932
4933
4934
4935
4936
4937
4938
4939
4940
4941
4942
4943
4944
4945
4946
4947
4948
4949
4950
4951
4952
4953
4954
4955
4956
4957
4958
4959
4960
4961
4962
4963
4964
4965
4966
4967
4968
4969
4970
4971
4972
4973
4974
4975
4976
4977
4978
4979
4980
4981
4982
4983
4984
4985
4986
4987
4988
4989
4990
4991
4992
4993
4994
4995
4996
4997
4998
4999
5000
9457
7984
9214
9867
6623
6219
8427
5768
9829
8721
5608
5692
9227
7937
5506
5650
8446
9808
6579
9865
8228
6154
5693
5018
6616
9296
8969
6886
7061
6379
7292
9425
9607
9205
7263
6309
8467
7566
6287
9015
6796
8434
9339
7277
5129
7792
8332
8478
9803
6561
6058
7422
7770
9367
9918
5793
6602
6182
8868
7734
5367
8295
6246
5290
6095
8930
5999
9150
6848
6739
8426
7322
7971
5119
8175
5031
9108
6959
7392
9143
6554
9736
9511
6049
6332
9991
7924
7938
6232
6494
7587
8848
8759
7458
5154
5623
5021
8944
8668
7614
6777
7613
7479
5515
7442
9041
8003
7947
6759
6834
8435
5616
7765
5265
7344
9276
7150
7700
6099
5883
7492
8306
8153
6550
8062
6293
8591
5098
7039
5318
6831
5684
8218
5543
9977
8641
9589
5321
9696
8710
8118
8396
5336
5877
6885
9426
6557
7539
6746
7793
9124
6458
5192
6971
8418
5016
6054
6901
7823
9342
6888
8580
8178
9166
5348
6870
8103
8781
9842
9152
8545
9246
7923
5494
9475
6932
7046
8578
8820
7672
9352
6260
9478
7469
7340
5678
5166
9887
5576
5447
6737
6113
8972
7267
7718
9415
5103
7200
7463
5511
9473
9757
9816
6889
8659
6728
7531
6341
8625
8078
9135
7087
7959
6070
5921
8946
8136
5850
5149
8666
8270
9581
9377
9286
9304
5452
8290
8338
8462
6666
5248
7509
8344
8491
6875
9050
8711
8352
7833
5532
6765
6570
7054
9036
8887
9027
5445
8370
8119
8937
7858
7803
5144
5825
8002
8814
5069
6342
6983
8853
6487
6088
6755
6944
9051
8098
6252
8385
6313
6865
6953
5954
5849
9502
7749
5823
9010
5512
8048
5172
8442
5893
5306
8722
8590
9582
7835
8643
7122
9507
6136
7666
8796
7348
7102
6118
7159
5550
9512
8905
9810
7148
9374
5771
5895
5178
6380
7571
8575
6892
9026
9441
6926
8251
8935
5529
8964
9463
6605
9704
9862
6600
9901
5038
7142
6993
8858
9912
5466
5729
6170
7967
9024
8787
5695
6791
6000
9450
5220
7143
9572
6573
6465
8638
9046
7405
6608
9655
9629
9675
8456
5235
6451
5888
6133
5236
9149
6517
9075
5751
5396
9564
7404
8660
6501
8950
7139
7773
9637
7888
9491
5283
5873
8923
8884
8956
7181
6218
7455
7098
8986
5628
5375
6891
9682
9966
5379
5956
6716
6783
7346
9513
8037
8004
5993
6125
7645
9574
5040
9219
5521
6484
9600
8954
9625
7774
8130
9096
5941
9721
9618
9733
9153
8754
7649
8386
8315
8109
5302
9779
6401
8468
8038
5889
9567
7094
5078
6336
7278
7527
5479
9612
9259
9826
6763
7375
6141
8650
6918
5230
5458
6575
8114
7618
7379
8803
5316
7316
5175
6483
7931
5142
7784
6923
9070
9088
8615
8712
5280
5110
9186
6300
6817
5645
7930
9859
9438
9047
8547
7235
8384
8492
9274
7869
6854
9791
7812
5387
6895
5960
8043
9650
7166
9660
5197
7755
8362
5669
8497
9417
5885
8239
7101
10000
7810
9633
8566
7335
6145
8425
8646
9698
9987
6972
7586
5617
6394
7653
8745
7270
8630
9578
5926
6526
9245
8212
6663
8557
5584
6171
7326
9846
8784
8819
6179
7332
8874
7698
6347
5073
7503
5961
6657
5105
6132
8169
8128
8952
6050
9048
7973
7027
7203
5763
5411
5135
7912
6452
6207
7903
7629
5326
8706
5571
7511
6073
8699
5227
9790
5297
9447
7189
7676
7685
9064
8777
7504
9728
6213
8504
7114
6122
7280
6101
8180
9847
9708
5607
7546
7567
8141
6473
7963
5713
5429
9827
8363
6378
8252
7012
8931
6964
6437
7763
6773
9638
9786
9101
8223
7641
5863
5071
5319
8634
9832
6495
6350
9310
8340
6977
7236
9138
6956
9480
5976
6059
6195
6194
7798
9640
6521
7385
9498
8996
9321
6278
5112
7198
9039
6381
7482
8702
9159
5665
7776
9636
6080
5939
6782
6018
6074
5498
8841
6978
8330
9527
7242
7894
8076
8158
7830
8508
9755
5913
5028
6282
8341
6490
8480
5644
8219
7705
7551
7010
9504
6177
6927
8530
7687
9811
9745
5507
7221
6186
5560
8297
6509
7554
9250
5844
6181
7369
8473
5618
8617
6383
9530
6410
8134
5510
5298
5957
8482
9318
6684
8177
9841
9267
5044
6229
6758
8125
5636
5232
9814
9715
6245
6082
6261
9343
9083
7496
7569
5756
5386
9953
6431
8139
9568
6388
5916
8052
9059
5157
6690
8383
6031
9381
5782
5058
7714
6430
8053
9762
9903
8670
9099
8181
6619
7662
9588
6250
7960
9767
7053
6505
8454
7268
9667
5501
9735
6491
9804
5787
7420
7673
9260
9328
7860
6899
8429
5579
6140
8889
8637
5489
7759
9388
7868
9952
9455
9575
9125
9934
9886
9325
6097
8739
9008
7261
8242
6954
5412
9077
9938
7472
6456
8123
8518
8073
7575
8758
8999
9258
6046
9770
8517
6937
9651
5803
7225
6241
6645
5699
7182
7735
8686
7547
9788
5233
5570
8608
6425
9690
7633
8602
8613
6426
7974
6823
7840
5860
9727
8849
8112
9933
5332
9069
9347
7116
6450
8030
6333
9583
6808
7871
5205
6325
7156
8817
6840
7876
8371
9739
5081
7533
8966
8483
7357
5470
9718
5115
7216
8266
7978
6709
5985
5372
9053
5992
9133
5568
5173
7485
8840
6472
7423
7785
8636
5393
7510
5259
8108
5856
7260
5848
9213
5812
5406
5760
6365
6984
6094
5851
9448
7499
8821
6514
7408
7626
7777
5951
8101
6662
8647
9322
5520
9341
6024
5928
5542
6469
5591
7908
5906
6574
5788
6857
7272
6372
8836
8920
9596
9836
9208
7453
7180
6760
7850
7820
7866
5586
6873
6439
7151
5380
9910
6700
9843
8314
9033
7886
6969
7193
9238
8977
5120
6726
5428
5315
8677
7285
9955
7689
5311
8068
6042
7333
5894
7664
5657
7298
8045
7839
5439
6824
7948
5637
8542
5179
6991
8247
9115
7233
9123
8725
6614
6722
9793
5864
5890
6661
9091
9665
9743
9980
6435
5981
7694
5410
6183
9551
7226
7223
9471
7079
8333
5354
8241
5089
5034
9396
7447
6942
7722
8525
6735
5193
7275
8583
6733
5455
5596
9132
9162
8142
8851
7299
8244
6699
5123
8106
6351
5711
9648
6475
5609
9806
6529
6087
9490
6611
9518
8688
6152
6051
8658
5370
7084
7399
8824
7893
8891
5003
7457
8155
9983
9853
8979
5526
7636
6266
5828
8179
6370
9775
9700
8922
9072
5277
8900
7300
5554
7176
9986
7080
5517
7063
5092
5590
7428
5468
9584
8360
5305
8230
5721
8055
8107
5416
5204
6223
5745
7099
8466
5630
5118
5288
5199
6992
8086
6883
7606
5464
8171
9898
8877
7043
5773
6201
8186
8917
8424
8280
5991
5155
7568
7090
5800
8189
5697
7682
7338
6874
6893
6422
8734
8611
7807
7284
6652
7646
9378
8187
9876
5569
7210
8235
7287
6530
8374
6481
8763
6348
8331
6466
8154
9181
8563
5945
5273
7048
6319
6862
8988
8664
9228
8282
9878
7302
7184
8410
9398
6673
8209
6175
8449
6326
8973
7791
7118
8377
8149
6665
8994
9266
6771
5842
6654
5578
5680
7811
9192
6384
8807
7126
9434
6001
7372
7661
9845
9429
8893
6621
7867
5279
9635
7574
5925
7147
8510
5476
8413
8685
5634
9824
9424
6955
5929
8276
8903
5226
7188
7459
8535
8009
6364
8126
8305
6721
8011
7684
7320
8842
7224
8522
6525
7679
5767
7427
7788
5546
7470
9331
5289
9433
7796
5740
9005
5994
8022
8750
8399
9771
9897
5454
5562
5296
7790
8359
5982
7512
6411
9763
9375
9893
7519
6753
9914
8500
5250
5833
5264
8392
5209
9302
6612
7853
7107
5593
9760
6027
8349
5064
9361
8834
5475
7725
9866
8907
7018
6493
8529
9848
5796
5244
9362
6433
8058
7191
7045
8222
7123
6703
8065
8984
5287
9236
6335
8191
9988
9802
8857
5858
7816
6225
8963
7556
5162
6568
5545
6258
9839
5473
8844
8007
5189
6254
9079
6453
8229
9360
5084
9035
5857
6670
7177
8421
5799
8875
9237
5781
6877
5292
8587
9163
8167
7004
9555
9122
5441
9812
5418
8618
5503
9656
7197
7318
5176
9111
7227
5567
8771
9464
8279
8929
8272
7741
7030
7059
5408
5783
7056
5875
8815
9615
7847
7483
6356
6184
5079
5138
8700
8493
9571
7624
5827
8339
6869
5922
5271
9402
7975
7239
9372
8514
9691
6958
7021
5121
6015
7105
9919
9666
9864
6908
5234
5505
9025
5096
7762
6276
6048
9657
7026
7654
6994
9022
5222
5917
6564
7164
9180
7640
8732
6837
5539
9061
6446
7445
8827
5834
8477
5053
8437
6402
7883
5059
9737
9242
7199
6832
7370
8795
7303
7742
9531
9428
5840
5631
9996
6011
6026
6990
8249
7897
6444
8443
9301
6445
5486
5891
7648
7323
6188
7881
8335
9459
5352
8350
5210
7882
7639
9017
5229
6039
8549
8945
6419
6148
8105
6642
8555
6797
7950
6412
6522
5615
7555
6961
7989
8407
7377
8077
6361
9627
9211
9835
5029
9131
5648
7875
8551
7154
9868
8254
8258
8210
8316
6233
9279
9094
5360
7471
8778
6900
6706
6775
8883
5022
5932
8110
6572
5749
9560
7583
5158
7390
6567
7432
7417
6285
7245
8192
8898
8469
8342
8100
8855
8227
5882
8744
5587
7202
7552
8561
5077
7904
7907
6355
6688
9850
6243
7400
8313
7696
8904
7520
8816
8560
6253
7610
5495
7265
7259
5055
5555
5806
8070
6224
6331
5818
5146
8275
9687
9349
6128
7206
8506
8334
8166
7927
8190
6486
7229
6565
5514
5575
8006
8991
6792
8289
8066
7381
8571
6960
7600
9851
9006
7283
5249
7589
7822
8195
5924
9505
7361
7578
7631
5188
7190
9358
7474
7274
6085
8145
6976
7619
7517
9268
8057
6786
9539
6203
5183
9792
8802
5350
9717
9060
6913
6322
9273
7311
9489
7155
6591
5964
6504
8568
8908
5307
9641
8731
9830
7597
8111
9044
8372
6151
9440
8792
6635
5690
9747
5174
9018
8998
9798
5549
5333
5696
7789
8014
8458
9547
8589
9216
9195
8156
7859
6265
7317
9444
6615
5453
5599
6749
8585
6674
5303
5983
7545
6234
9066
6644
6705
5601
9831
6756
8550
5460
8406
5743
9777
5672
9759
8253
5049
5047
8472
7297
8948
6239
9086
6580
7380
9074
5091
9716
8345
7089
8697
5905
5196
5547
8000
6301
7490
5754
6884
8847
7091
6793
5854
7153
8479
6363
9176
9451
9616
9003
8461
9880
7441
6921
9282
6909
5726
7828
6028
9920
6417
6392
9485
8959
9411
5544
8536
9586
8683
9711
9224
8687
9332
8730
5087
7295
9043
5816
8257
5245
6571
7334
9200
8438
7497
6212
9144
6158
8554
7205
9100
9746
9895
8319
9537
6277
8785
6007
9137
6167
7918
7013
7286
8256
6482
7431
8705
7005
5362
9479
7248
7891
6682
7083
8599
9982
9114
6949
9460
6459
9947
5331
8324
8967
6066
7736
7462
5430
9748
6353
5975
9543
6161
5268
8653
7880
9323
7874
6485
8910
7160
7022
6551
6781
8138
7814
6220
8159
7983
8655
9182
9669
7910
6121
9220
5908
5035
6330
9380
5228
8417
8378
7919
6064
5811
8459
7253
6012
9085
5286
8651
7489
8843
8831
9248
5097
8224
8200
6597
7149
6999
5065
6649
7958
5223
7688
6863
8124
9970
9376
6636
8828
9499
5340
6731
8379
9283
9469
9542
9619
7802
5709
7702
5635
7849
6227
8329
9776
9707
7075
7939
5541
5535
7396
9014
9950
6694
6196
9872
6391
5661
9446
7104
6470
6084
9789
5778
9370
6974
6702
5802
8050
9523
5946
6686
8509
8888
5198
5739
9034
9068
5735
7612
9330
9957
9680
7498
5088
9813
7130
9383
6589
6552
9875
7616
7541
5807
7737
9661
6860
8164
6772
5786
5351
8586
5415
7951
6096
7935
9628
5471
7992
7678
9595
9622
6858
7271
7953
9883
8090
8196
6689
7979
8115
8886
5794
5310
8899
6461
9905
5054
5216
9689
8237
5791
7884
7208
7706
9889
5996
6656
5048
8927
7668
5488
6704
6013
9019
9269
6643
5907
6062
9585
9515
8673
5195
5039
7264
6931
7627
6137
7905
6577
7524
6135
7501
9945
6515
6655
7976
5067
9662
9916
8017
5622
9522
5903
6200
9472
6037
8284
5420
9338
6496
9217
6267
9623
9902
6829
8770
7044
9400
9423
6769
7371
9699
7336
9465
9671
8663
6003
9694
9620
6311
8835
5868
7564
5394
8475
7771
8791
5263
7355
7276
6421
5725
5933
9541
5938
8091
7521
8097
5752
5111
5899
6318
6405
7595
5831
9012
5666
5374
6599
5397
6090
6415
6251
7778
8576
9170
6904
8441
9311
7096
9609
9210
8825
8214
9199
9029
6588
5334
5865
6853
6165
6009
5572
5687
9621
7801
6732
7131
7683
7394
6962
8746
7561
8863
6366
5835
7440
6199
9178
7686
7179
9185
9819
5558
8720
8708
5769
7241
6538
6454
6938
8912
9119
6536
6172
8915
6327
9174
8528
6210
7281
9593
9730
5202
8693
6423
7288
7351
6076
5736
6838
6828
9309
6965
7398
8390
5066
9939
6678
5717
9146
7917
7522
7909
5180
9312
5469
6371
8533
9801
7739
7354
8913
7825
5533
7304
5449
9738
6603
8095
5211
8388
5582
7933
5050
8368
9965
7057
6173
7109
8308
5300
9761
8430
5001
8367
6130
6010
9683
6878
9492
6718
9240
6339
7158
8460
6443
9095
5214
5592
6947
9168
8415
5246
9151
7699
6528
8724
5841
6998
9437
9838
5937
6744
6680
7808
8773
7040
6651
7945
9540
9467
7082
9968
6638
6609
6920
9134
6650
7733
8981
6585
8298
7461
5900
6810
9956
7014
6083
9860
8364
9967
6833
5341
7491
5281
8768
7289
5979
5859
5710
9888
9526
7838
8515
9597
5224
6685
7064
9087
6289
7887
8263
9486
7488
9393
5165
7145
5698
9563
7717
5137
8894
5247
8163
7557
6068
7590
6247
5113
7559
9107
8476
9098
8287
9993
9306
9710
8716
8302
7077
9294
8041
7605
5030
6474
6093
9994
7051
7760
9524
5261
6740
8490
6951
8692
7085
8656
6442
8818
6270
6533
9161
9139
6306
9545
7376
9684
7218
5355
5656
6855
9121
5347
5100
5742
8719
7162
9997
7750
5765
5633
6770
9904
8978
5207
9562
8982
6044
6815
8532
5670
8025
7525
9399
8075
7832
7775
8512
5122
8012
6448
7709
8985
5256
6109
9409
5846
8031
9357
9632
5131
5238
7065
8336
6149
7827
5013
6601
6295
7007
6489
9408
5561
6841
8422
8069
6836
7855
6047
7878
9167
7169
6403
6358
8016
9225
9418
8255
5499
8808
7219
7604
7319
5320
8201
7074
5805
9856
9002
5346
5896
7097
5862
9136
8626
7214
9774
8236
8662
5278
6346
6902
5619
9420
6471
5141
7607
8260
8307
6414
6321
5552
6648
6503
5700
9065
9241
7656
7141
7657
7748
8085
9317
6457
8120
5467
7240
7076
8093
9148
5581
5444
5011
6316
5483
9822
5497
9995
9394
9262
8074
7119
5911
8830
5753
7330
5537
7766
7161
5654
6637
7401
6697
7721
6970
7758
8026
8346
7761
6206
6952
9837
5704
8488
9807
5295
9090
8061
7848
7732
9753
5151
9681
6659
7069
5653
5033
7680
6100
7764
7412
6510
9890
8355
5421
7081
9277
6506
7966
5177
8570
9300
8487
5385
9443
8850
5339
8987
5201
9604
7964
8564
7258
7716
7715
9973
9548
6967
8691
7544
7301
8292
7251
8205
5102
5448
9071
8414
6302
9591
7643
9741
6169
7421
6747
9177
5237
8132
6129
7744
9257
9155
9817
8044
7857
7000
7532
8870
9097
8387
9892
8553
6950
8351
9720
9056
6138
8165
6061
9948
8869
7529
8936
7852
9365
7740
5730
9974
9270
9554
7601
6360
5750
6297
8742
5643
7257
6314
9517
8865
8455
6369
5580
5404
6532
5308
8684
5170
9976
8444
8574
6715
6147
5405
6520
8681
7506
6428
8486
6202
9556
8013
7415
8285
8060
6334
6768
9963
6724
7829
5972
7121
5977
5952
6192
9190
7078
8606
6071
6691
7434
5161
6813
7592
9254
7620
6683
8593
9382
6766
9142
6519
7034
8176
8183
9921
8738
9750
7500
7003
7410
5074
7383
5641
5485
8448
9642
7315
6803
8588
6480
9016
7137
5309
8838
7751
6825
6257
6618
8194
6818
6025
5276
9954
9697
9529
8537
7419
5414
9756
5551
8447
9421
5604
8021
6468
9978
7495
5701
9030
8805
6553
5744
9032
7647
9013
6508
8147
9764
8942
6407
6925
9164
6898
6742
6502
8704
9923
7890
9732
8198
8639
6286
8382
7254
8890
7247
6291
5337
8102
9462
6345
6019
8572
6714
7025
5931
9999
6629
7987
7726
8740
9329
9315
8579
9387
7157
6842
5140
9196
8505
8911
7562
7204
7073
7863
9714
8975
7783
6542
9202
8318
6975
5839
5153
8534
9896
6367
6134
8502
8503
7454
6764
6153
5718
9734
6357
7819
7920
6613
7402
7429
7572
7697
9521
9040
8603
8204
7745
5258
7584
7167
5629
8161
9981
9630
9076
7729
7391
8452
5953
6719
7637
9686
5659
9337
5327
8960
9062
9453
9783
9514
5313
8080
5443
7129
6736
8612
6687
9055
6839
5959
7756
5761
8680
9943
5294
7293
6014
5446
6795
5208
9932
8822
6543
9023
5613
7092
5145
5383
9935
5389
8495
9785
9320
7480
6507
5063
7414
9649
5915
9516
7196
7916
8756
8170
8614
8494
6713
6539
8957
7644
8866
5046
9344
9672
7171
7549
5784
9624
7209
6416
9326
5020
8628
6830
6986
7388
5691
8277
5808
6005
5369
5559
9617
8607
8779
7728
8451
7211
8089
7418
5291
6404
6166
8293
7360
9787
6653
6420
9877
5163
9297
8291
5200
8892
7100
6476
8046
6982
7885
9045
6400
9229
9899
8220
9249
7671
9067
8245
6103
9613
9120
8020
6595
6035
8213
6242
7032
5478
6290
5727
7262
8269
8661
5400
8116
7350
8416
6762
9207
7861
5662
5401
9395
9386
7212
7234
7831
7772
7608
9263
8184
6911
9410
8215
8698
8157
5085
7642
9577
7374
6806
7949
5440
5715
8423
5722
6143
7331
8933
6205
8938
6859
5516
6079
7837
8717
5757
6098
6460
9215
9964
7232
7132
9975
8733
5436
9391
5647
8445
6029
9497
8151
6115
6307
6086
8871
9445
9366
8203
7681
6315
7701
7936
9825
7985
5147
7231
8974
5090
7252
8829
5037
8812
8757
5988
5156
6741
5136
6376
9466
6881
8951
9427
6055
7486
7358
9021
6072
9481
9385
6821
7273
6997
7343
8457
8798
7294
9885
7553
6119
8206
7940
6386
8751
9971
9599
6738
5984
8432
6359
9392
9525
6385
9744
6851
9073
8652
8146
8092
7019
8354
8934
9961
5874
8148
8348
6549
8376
5007
8548
5484
5712
9962
5106
9359
8049
8689
6778
9809
7215
7988
7484
5095
9900
6915
6511
9833
7487
9722
9610
7753
6743
6408
6294
6604
5169
8420
5667
6576
5832
7813
7900
9488
9172
7170
8573
7031
8015
5075
7086
8197
6929
7438
9212
8854
5314
8623
5966
6021
9316
8250
9949
7465
6798
7194
8703
9592
6879
7345
6512
9126
9280
6492
6811
5919
7341
9719
8408
5504
9127
7990
9644
7124
5317
8958
7416
6237
8133
7695
6584
8941
8391
8104
5260
6805
5775
8484
7598
7049
5076
5942
6628
7841
5257
9201
6284
8567
7146
9293
6624
6023
7889
7353
6190
7536
7787
5762
7914
6667
6434
6968
8143
5395
6681
6835
5419
6296
7542
9082
9117
5792
7473
9346
6634
5012
7256
6397
5072
7468
9634
7579
5353
5266
7138
8980
8755
9109
7892
9874
6176
7068
5167
7103
7911
7448
6814
6625
7308
9917
7982
5766
7767
6120
7997
7873
6089
6209
5638
9401
7915
8173
5086
9261
9198
9652
8481
8558
8294
8600
9449
8404
5472
6639
7707
6518
6078
8860
9452
7946
7507
8299
8353
7411
5810
6395
9533
9605
9703
7220
8234
6748
5253
7055
7667
8511
9052
9145
5435
6269
8970
7228
6948
9506
8296
9908
6222
5998
9204
6887
8707
7028
8496
8631
5042
9795
7594
8094
9509
7922
8772
7313
9852
7328
6540
6946
6030
5492
6866
6259
5815
5770
6692
7877
9670
8682
8436
7731
7929
6641
8099
5980
6057
7067
5322
6809
5940
5427
9573
5668
7526
5434
8873
8300
5062
7356
7588
9197
6329
5798
8780
5969
9508
5002
5597
8056
5814
5795
5589
6248
9519
8221
9206
5845
8122
9723
5540
6807
9663
9602
5683
7183
7307
5093
7535
5734
5649
9765
9643
9960
9403
9093
6985
7443
7378
8152
6226
5255
9713
8749
9685
7603
5132
8409
9705
7720
6527
5285
9233
7060
9298
8286
5676
5398
5363
7898
9500
5556
9187
9550
9112
9653
5986
7029
6712
9063
8527
6034
8403
8051
6303
7799
7591
7035
8001
9404
6906
7238
9674
8498
5431
9256
8008
8657
6707
9278
5254
5614
9482
5282
9353
5243
6826
5758
5603
8541
7436
6734
8207
7548
6936
6750
8581
5325
6263
9510
5651
8039
6790
5231
6117
8696
9379
9752
7617
6320
6534
6323
5820
9363
9724
7994
9230
7172
5051
5681
7845
7347
8790
6373
7481
7403
7943
8916
8965
5025
5023
9873
9239
5251
7630
6354
9188
9998
6939
5487
6672
5702
5422
6555
6916
8246
8323
9102
5530
5482
7449
7738
7352
6006
8968
5527
5344
9368
8761
7824
6966
8928
6871
6593
6146
7016
9218
6174
5004
9941
6849
6660
6063
5658
9303
9255
8507
8216
7530
7815
9235
6455
5481
7008
6389
8748
9958
5465
6843
6002
8832
6214
5036
8059
7826
9232
9413
7306
9780
6880
6228
6513
5139
9496
7658
8735
8202
5045
8072
7163
7842
8440
6187
6191
7980
6112
7135
8117
9647
5080
8240
8622
8813
6558
7290
6280
5974
5390
9929
8531
5014
5329
8565
7754
9373
9140
8632
9558
9340
6060
7023
9291
6441
5252
8862
6523
5206
6230
8450
6804
5019
7809
9477
7364
6717
5902
8906
7913
8839
9390
9520
6160
8071
8811
9673
5989
9751
9487
6053
8609
8644
8400
8861
8005
6917
5384
6586
8914
6757
5518
9989
5168
5950
6045
5426
8859
8713
9907
5872
6695
9606
5017
6418
5694
5269
7433
7558
6499
8036
8621
7514
6052
8620
5663
9984
9345
7047
9565
5962
5821
5531
7795
7033
7998
9179
6091
8769
9769
9275
5585
6569
9058
6820
8543
6123
9646
7397
5948
7581
7996
5212
6479
7786
5912
8273
8940
8909
6413
6463
7036
5822
6816
9538
8312
7020
5829
7508
8373
5513
5600
5456
7168
7730
8047
7127
6933
8137
7467
5936
9849
5686
7991
8736
5184
7279
9251
9959
9078
7011
9118
7622
8211
7435
6065
7325
5606
9590
5583
5708
5706
8976
5493
5997
9639
8474
5892
5060
7611
5187
7652
7711
5124
7195
8405
9476
6632
8028
8281
9601
9569
8365
9348
8325
7669
8728
7478
9264
7207
7602
7926
7804
9879
8267
6106
7128
8804
9501
9944
5459
8238
8645
5423
5536
5910
5801
8676
5345
6198
6914
8801
9007
6337
6698
6789
6240
9203
6272
6776
8428
5070
8087
5242
9894
5083
7708
9614
7928
9820
5724
6675
5152
9089
5897
5524
5519
8328
6633
8288
9456
8412
6022
6774
6497
7186
6110
7140
9693
9706
8775
6081
7573
5548
7002
5995
6800
9828
7042
5852
7363
7921
7674
9823
6467
6607
6912
6751
5104
7217
9057
5927
9284
7070
9725
7805
9324
7366
7052
8924
8845
6524
7213
9534
8499
9288
9758
5407
6676
8880
5272
6761
7384
8878
9927
9307
7493
8876
7187
9028
9936
7115
7872
7655
5785
9432
9130
5685
6677
6427
5990
7843
6255
9861
9884
5746
6368
9925
9265
8806
9805
9183
7999
7106
6919
6127
9412
9009
6545
7246
6723
6075
8357
9191
9154
5655
6897
9252
8540
8949
6767
7309
5275
6236
6204
9113
6647
7895
7165
6111
6040
6424
8262
7844
6903
9664
7095
5968
6231
9160
9128
8311
5068
6752
7968
9800
9422
8793
8640
5898
7621
7981
7349
5052
7072
9611
9313
7502
9011
8753
8799
6583
9679
6304
9946
6531
7818
5061
8160
6592
9742
5194
7538
7450
5522
5886
8366
5557
8864
9156
5371
5675
6197
9598
5602
9549
8274
5284
5433
7713
7817
8833
9494
5203
9350
9175
7660
5790
7870
6208
5813
8635
8264
6894
8082
7757
6387
8032
5836
6606
6168
5005
7321
7395
5338
6324
8063
8520
5409
6478
5612
6890
5880
9406
9772
8776
8310
6922
8010
9430
5006
5866
6281
5955
6941
9778
7266
7635
5861
5364
8714
5731
5376
5413
8762
8225
7093
9678
9676
6934
9645
7406
5732
7585
6271
6852
8598
6847
9334
7362
9314
5705
9470
6581
9031
8539
7125
5128
7663
5943
8054
5804
8559
5335
6104
8516
5027
5143
9355
9985
7365
9272
8544
6868
7475
6349
8872
8672
7902
5312
9299
5500
7144
5970
7024
7632
8789
8188
9659
7476
9709
7957
6980
5215
6668
7690
7452
8993
5274
6622
6185
6566
5130
8485
6056
9922
8088
8231
9768
5240
5867
9992
8592
6067
5349
6178
5171
6305
8726
5652
5523
5934
9384
6535
8127
5041
9110
7477
8654
8259
5723
8321
8150
8997
5357
5677
6910
7670
6429
8523
9870
6317
8243
5963
6124
5159
5528
5772
7712
9158
7862
9054
7993
5239
9766
7743
5826
5461
5640
6861
7932
7972
7570
5463
5671
8018
8669
6846
6268
5101
9818
5847
6996
5855
9226
8096
6872
5707
5755
7108
7516
8743
9354
9855
6548
7977
8595
7282
9104
9658
5610
9906
9740
8226
7515
5221
5107
7066
9081
5262
7703
5632
5377
9784
7460
5738
9141
8556
7133
7446
7120
7386
9147
8667
9290
5876
9603
8304
6596
9369
6556
8727
5082
6409
7310
7727
5126
9749
6935
6399
7864
5714
5125
5442
8766
9308
5879
9940
5553
7942
6801
5392
9528
9194
9773
6845
7899
8794
6562
6274
5573
7650
6340
9559
7244
8471
7110
8538
8675
8569
6945
9483
7692
9442
9184
6032
8826
7528
8268
8193
5024
7781
8674
6155
6449
9244
8265
7296
7518
9000
6541
9493
5099
9969
8921
9171
5403
5824
5342
6328
7962
9561
6488
9702
9042
7961
6312
5830
6308
6587
6701
7017
5304
7970
5664
8955
9234
5382
9468
8809
8594
8895
5160
8034
5703
9454
5496
7185
9840
5949
6438
8067
9911
5330
5293
5620
7623
9915
8729
6114
9397
8301
6646
8397
5525
7580
6275
8433
5918
7834
6669
5373
7806
6799
7001
6279
5564
7846
5967
8519
8064
7665
5679
7339
5190
9608
5133
9495
9189
5935
7723
8925
7593
6537
9336
5642
8131
8361
5043
9688
5646
7430
6077
8752
8879
6362
6995
9461
7906
6377
6973
6436
5624
8852
5225
6598
8524
6812
9797
8024
5923
7136
5837
6221
9796
8856
5491
8701
7582
5741
5733
9799
7192
8168
5417
7651
8992
9435
5164
7368
7986
7955
8619
5114
7577
9105
6180
7752
8885
7969
5094
5737
8185
5797
8489
9271
7710
6189
6708
7596
5971
9327
6640
7327
8439
6298
6979
8902
9419
5324
6516
7444
8393
6876
9631
8867
5930
5437
7563
9544
8919
5462
6988
7314
8765
8463
9882
6696
6981
5777
7724
8926
5577
6462
7413
6679
5779
9553
8671
7451
5869
6594
5010
9287
8501
9364
9712
9594
8901
8394
8513
8182
5534
8135
9351
5987
6108
9815
5134
9937
6256
5432
7540
6288
7638
6630
7794
8616
8023
6987
6856
9116
9405
9979
8084
5359
8747
8782
5716
6546
6249
7407
5747
9333
6159
5365
9436
6867
5720
8678
8121
8709
9863
5914
6216
6041
8953
7178
8642
5639
7854
7856
9926
7901
8035
5958
8027
8233
9909
9701
5884
5402
6382
8584
5381
6850
9092
8380
5719
8411
9834
5474
5438
5026
6896
6142
5838
5270
7782
7780
7038
9881
7543
9913
8453
9930
9292
6036
5343
6631
8129
6711
9931
8718
6547
5480
9871
6559
5217
6116
7952
9209
9038
5451
6802
6730
9157
9546
8526
7523
6560
5598
8521
6344
8465
5682
7693
6784
8375
8629
9004
6038
9854
9924
5241
8144
6390
8610
9951
8261
6299
6105
8918
7925
7439
9165
7088
8596
8431
9253
8317
5881
7387
6464
8932
8715
9626
7513
9193
6406
9222
5621
9695
9223
8199
6144
7456
7560
5947
8737
7222
6211
7424
8690
7609
8582
7112
8741
6864
8369
6163
7291
6957
9692
8322
8113
5108
7615
7269
6582
8800
9570
7865
9414
8402
7704
6310
7628
8381
5689
6729
8546
6754
5887
8897
8764
7058
8760
6069
9371
6338
8786
8283
5920
5901
5457
7944
6283
5185
8627
8309
5181
7675
6262
6273
8788
8961
9503
8767
8846
5425
5574
8326
7113
8882
6882
5611
6727
7769
9247
9677
8605
7015
5595
7576
7359
7152
5399
5450
9389
6827
9857
8624
6905
5780
8971
8419
8083
6787
5323
5267
6126
5218
9458
5213
7779
8989
8172
5605
5565
5853
9754
8633
6627
8604
5186
8837
5502
9858
7797
8695
6780
8810
6193
5032
5538
5871
9536
7934
9654
5219
9869
5759
8597
9439
6943
9587
8648
5117
8679
5789
6664
6924
8320
7041
9535
6102
5626
7237
8464
7071
7337
9532
6374
5391
7426
7175
7565
9972
6398
5566
7312
7037
9221
5299
7965
7305
8040
5965
7255
6043
5625
9794
6162
6447
8947
5776
6498
6626
5973
5878
5817
9106
5563
6590
5009
6164
9037
9726
8140
6620
6292
6785
8398
6016
6500
9169
8271
6235
8601
6989
5843
8881
5728
6244
6033
5819
8358
6928
9103
8552
8081
5127
7174
6440
6432
9557
5978
8896
6017
6779
6131
8327
6671
6930
6720
6578
6745
5477
5627
9295
7409
9552
7954
9285
8470
9431
9942
5748
6610
7634
7494
6658
7342
8343
9416
8162
8042
9928
5356
7173
7466
5015
6477
8577
7836
6693
5057
5150
6020
7230
5388
7134
6156
6092
8649
5904
9579
7599
7505
7677
9474
7747
8337
5588
9990
5056
5764
6563
8797
5509
8232
9781
7437
5301
7324
8208
6710
9243
9305
6794
6150
8995
8943
5688
8079
8694
5674
9731
8962
6725
6217
8983
7464
5673
6264
8029
9566
8347
6844
6215
6617
6940
9173
8019
7896
8278
6375
7009
5490
7062
5378
5116
7250
9289
7956
9049
9484
7389
8356
6157
7800
8401
9729
7050
7117
5366
6819
8033
5809
8823
5008
9891
7879
5148
5944
7659
7719
5870
7367
5774
8395
7249
5424
8303
6139
7821
8389
7425
6544
9281
9319
9844
5660
7329
8783
8723
9576
6343
5328
5191
8562
8990
7537
9580
6352
8774
7373
9231
7768
7851
6963
6004
8174
6107
5368
8217
5594
6393
9821
6238
6788
5909
9356
6008
6907
9407
7201
7550
9129
9335
7243
6396
7691
5182
7111
9782
8248
9668
8665
7006
5358
9084
9020
7746
7995
7625
7534
7393
5361
6822
8939
7382
5109
5508
9001
9080
7941