1
2
3
4
5
6
7
8
9
10
11
12
13
14
15
16
17
18
19
20
21
22
23
24
25
26
27
28
29
30
31
32
33
34
35
36
37
38
39
40
41
42
43
44
45
46
47
48
49
50
51
52
53
54
55
56
57
58
59
60
61
62
63
64
65
66
67
68
69
70
71
72
73
74
75
76
77
78
79
80
81
82
83
84
85
86
87
88
89
90
91
92
93
94
95
96
97
98
99
100
101
102
103
104
105
106
107
108
109
110
111
112
113
114
115
116
117
118
119
120
121
122
123
124
125
126
127
128
129
130
131
132
133
134
135
136
137
138
139
140
141
142
143
144
145
146
147
148
149
150
151
152
153
154
155
156
157
158
159
160
161
162
163
164
165
166
167
168
169
170
171
172
173
174
175
176
177
178
179
180
181
182
183
184
185
186
187
188
189
190
191
192
193
194
195
196
197
198
199
200
201
202
203
204
205
206
207
208
209
210
211
212
213
214
215
216
217
218
219
220
221
222
223
224
225
226
227
228
229
230
231
232
233
234
235
236
237
238
239
240
241
242
243
244
245
246
247
248
249
250
251
252
253
254
255
256
257
258
259
260
261
262
263
264
265
266
267
268
269
270
271
272
273
274
275
276
277
278
279
280
281
282
283
284
285
286
287
288
289
290
291
292
293
294
295
296
297
298
299
300
301
302
303
304
305
306
307
308
309
310
311
312
313
314
315
316
317
318
319
320
321
322
323
324
325
326
327
328
329
330
331
332
333
334
335
336
337
338
339
340
341
342
343
344
345
346
347
348
349
350
351
352
353
354
355
356
357
358
359
360
361
362
363
364
365
366
367
368
369
370
371
372
373
374
375
376
377
378
379
380
381
382
383
384
385
386
387
388
389
390
391
392
393
394
395
396
397
398
399
400
401
402
403
404
405
406
407
408
409
410
411
412
413
414
415
416
417
418
419
420
421
422
423
424
425
426
427
428
429
430
431
432
433
434
435
436
437
438
439
440
441
442
443
444
445
446
447
448
449
450
451
452
453
454
455
456
457
458
459
460
461
462
463
464
465
466
467
468
469
470
471
472
473
474
475
476
477
478
479
480
481
482
483
484
485
486
487
488
489
490
491
492
493
494
495
496
497
498
499
500
957
959
617
709
757
682
897
637
585
702
986
789
943
597
864
867
601
731
739
706
787
842
804
609
675
541
921
623
768
550
568
546
779
509
940
817
871
557
631
982
700
583
718
730
949
714
642
674
798
612
827
839
743
811
648
780
786
822
649
539
793
613
753
560
997
876
749
813
772
502
821
647
847
777
841
570
547
697
975
736
543
517
911
611
810
522
668
909
632
693
523
533
529
895
574
733
662
824
511
999
521
927
507
885
756
792
818
854
894
672
630
922
681
670
944
875
883
536
781
553
844
569
624
738
618
622
849
591
863
773
826
866
635
853
716
532
783
589
928
946
600
994
626
941
803
604
563
926
763
795
694
967
856
740
512
561
747
742
760
913
782
537
775
934
939
802
970
971
788
912
605
514
652
724
880
808
673
564
534
767
884
516
504
513
929
806
575
888
708
746
734
840
960
710
898
952
820
829
713
721
870
535
886
669
704
860
896
580
726
608
828
657
628
969
643
858
566
518
770
915
995
868
640
954
805
815
962
891
748
830
656
545
823
873
703
667
976
831
892
919
872
931
581
878
852
671
761
890
972
544
595
762
715
862
567
685
540
644
625
925
519
877
741
712
778
882
679
900
848
684
932
506
687
707
538
984
505
527
576
791
558
634
719
524
727
619
572
973
698
899
905
846
594
653
729
825
966
606
801
965
916
807
551
953
785
902
582
755
988
958
1000
879
838
865
515
955
980
790
723
705
578
857
678
998
938
555
951
636
974
904
987
758
666
661
889
918
552
766
881
562
989
833
542
696
893
728
590
593
776
759
607
548
981
633
711
664
510
528
985
526
979
659
764
933
725
814
937
942
602
947
680
655
956
620
683
968
887
559
754
961
565
586
686
614
573
571
596
651
855
688
983
531
920
784
908
996
735
556
503
737
508
549
901
861
588
907
616
809
874
903
794
699
799
695
689
676
603
930
530
654
525
936
774
717
751
621
615
641
914
837
577
923
610
832
701
663
948
520
732
964
859
579
869
836
851
744
584
910
990
587
977
665
691
765
991
750
501
599
950
978
629
554
797
850
816
834
906
917
645
690
722
924
650
796
692
992
800
993
963
835
592
843
745
646
819
658
752
660
935
638
812
771
769
639
945
677
845
598
627
720