258
166
968
462
785
536
334
913
946
530
292
266
28
296
789
484
824
511
286
588
8
17
291
954
193
924
77
326
446
465
192
69
419
945
85
473
767
478
488
634
568
853
517
112
950
983
970
528
210
727
142
831
79
349
181
495
228
133
847
317
369
418
220
647
283
241
788
559
467
426
962
759
308
621
21
917
610
198
595
589
677
413
988
158
539
640
617
385
596
14
137
344
18
579
272
146
409
644
103
873
76
972
356
202
256
338
570
122
680
812
13
222
119
882
387
454
601
433
667
250
829
997
365
64
516
870
315
933
872
567
364
82
240
260
178
182
469
359
550
131
616
340
618
719
986
818
754
738
279
116
306
860
887
200
324
242
605
45
15
693
207
271
706
604
445
898
312
776
701
889
377
698
346
398
348
185
979
307
736
330
678
807
183
804
665
544
745
153
518
730
311
623
472
712
309
733
639
846
629
274
982
681
866
900
876
382
422
884
189
512
874
459
672
505
758
541
867
602
764
140
837
880
654
163
556
383
396
823
327
578
952
721
977
477
508
487
645
238
257
891
761
476
694
341
336
323
842
496
786
746
624
904
100
608
320
392
118
666
976
510
957
263
592
424
284
871
27
421
992
381
102
907
66
619
300
557
709
755
93
821
531
479
162
447
22
339
34
561
615
83
438
154
384
763
143
893
816
391
542
724
322
360
428
702
856
313
951
160
985
787
350
806
393
929
50
995
80
735
739
347
705
209
660
802
29
67
303
239
466
236
999
414
775
43
659
838
35
400
744
485
316
922
6
470
984
325
674
581
535
212
585
881
663
577
319
756
757
633
919
355
450
903
48
363
386
331
280
673
825
894
792
376
108
643
427
60
19
679
139
661
255
502
199
232
523
448
653
669
751
822
707
47
748
519
989
652
993
180
906
850
771
273
686
715
625
39
16
151
859
436
915
975
353
84
96
415
482
799
566
716
971
318
358
264
229
583
416
671
569
187
810
49
51
156
514
9
287
269
892
267
275
270
909
252
403
457
920
967
783
572
974
574
196
717
773
231
582
515
682
688
352
932
295
314
930
637
796
61
455
774
218
564
526
417
195
449
194
912
695
378
956
927
901
575
779
875
134
506
299
504
958
107
25
492
599
58
395
304
150
732
354
342
72
70
188
921
994
940
129
94
649
420
826
507
81
453
593
749
808
728
343
147
931
520
177
805
375
939
30
558
987
2
294
534
297
538
797
407
614
628
361
981
836
803
858
261
503
832
955
230
685
833
742
38
1
225
101
374
144
937
916
404
11
670
699
697
815
254
638
203
554
97
691
123
861
31
268
501
547
167
444
248
155
636
897
918
169
37
883
902
110
809
635
800
963
278
687
54
351
553
854
136
262
489
765
372
878
290
584
895
95
770
206
4
389
646
63
105
44
964
401
965
490
741
548
852
106
165
452
546
458
725
406
471
500
777
555
781
190
766
790
613
174
576
253
896
321
675
934
509
573
978
938
411
405
216
700
966
960
159
224
820
219
762
289
944
865
443
928
627
89
26
980
692
172
33
869
113
769
590
32
841
552
990
801
191
835
537
99
565
533
62
235
696
73
862
908
24
740
586
834
282
57
388
52
390
310
23
879
899
658
959
914
642
104
650
843
237
380
399
656
277
936
525
86
152
460
175
996
109
491
92
480
949
474
563
124
529
973
247
911
793
905
713
543
885
12
456
397
752
630
243
953
111
814
948
285
683
65
598
560
704
798
844
830
718
379
607
440
631
498
943
145
68
463
711
722
597
868
208
486
743
780
768
173
223
329
10
46
513
132
540
293
603
851
439
125
855
141
328
784
888
298
423
226
845
726
991
186
947
335
622
246
753
114
205
368
265
494
148
942
811
42
214
817
676
171
251
750
373
337
332
128
234
98
215
935
451
760
923
301
549
211
408
75
41
468
305
91
302
288
794
345
127
791
612
961
78
430
729
130
481
708
710
594
71
714
56
562
651
149
53
126
737
437
259
747
55
840
442
357
910
135
432
370
690
521
435
532
648
839
412
244
849
731
857
664
493
281
609
813
632
734
88
886
7
40
227
778
819
848
402
120
969
179
828
276
571
441
720
668
600
362
587
161
249
74
394
217
213
121
551
434
20
371
877
620
545
431
204
90
864
662
201
366
795
475
772
245
497
641
36
863
522
580
168
221
157
782
5
941
170
367
117
723
3
827
703
689
429
483
611
176
998
464
499
138
591
890
197
87
655
925
657
606
184
164
59
410
461
115
527
333
926
524
425
626
233
1000
684