1
2
3
4
5
6
7
8
9
10
11
12
13
14
15
16
17
18
19
20
21
22
23
24
25
26
27
28
29
30
31
32
33
34
35
36
37
38
39
40
41
42
43
44
45
46
47
48
49
50
51
52
53
54
55
56
57
58
59
60
61
62
63
64
65
66
67
68
69
70
71
72
73
74
75
76
77
78
79
80
81
82
83
84
85
86
87
88
89
90
91
92
93
94
95
96
97
98
99
100
101
102
103
104
105
106
107
108
109
110
111
112
113
114
115
116
117
118
119
120
121
122
123
124
125
126
127
128
129
130
131
132
133
134
135
136
137
138
139
140
141
142
143
144
145
146
147
148
149
150
151
152
153
154
155
156
157
158
159
160
161
162
163
164
165
166
167
168
169
170
171
172
173
174
175
176
177
178
179
180
181
182
183
184
185
186
187
188
189
190
191
192
193
194
195
196
197
198
199
200
201
202
203
204
205
206
207
208
209
210
211
212
213
214
215
216
217
218
219
220
221
222
223
224
225
226
227
228
229
230
231
232
233
234
235
236
237
238
239
240
241
242
243
244
245
246
247
248
249
250
251
252
253
254
255
256
257
258
259
260
261
262
263
264
265
266
267
268
269
270
271
272
273
274
275
276
277
278
279
280
281
282
283
284
285
286
287
288
289
290
291
292
293
294
295
296
297
298
299
300
301
302
303
304
305
306
307
308
309
310
311
312
313
314
315
316
317
318
319
320
321
322
323
324
325
326
327
328
329
330
331
332
333
334
335
336
337
338
339
340
341
342
343
344
345
346
347
348
349
350
351
352
353
354
355
356
357
358
359
360
361
362
363
364
365
366
367
368
369
370
371
372
373
374
375
376
377
378
379
380
381
382
383
384
385
386
387
388
389
390
391
392
393
394
395
396
397
398
399
400
401
402
403
404
405
406
407
408
409
410
411
412
413
414
415
416
417
418
419
420
421
422
423
424
425
426
427
428
429
430
431
432
433
434
435
436
437
438
439
440
441
442
443
444
445
446
447
448
449
450
451
452
453
454
455
456
457
458
459
460
461
462
463
464
465
466
467
468
469
470
471
472
473
474
475
476
477
478
479
480
481
482
483
484
485
486
487
488
489
490
491
492
493
494
495
496
497
498
499
500
501
502
503
504
505
506
507
508
509
510
511
512
513
514
515
516
517
518
519
520
521
522
523
524
525
526
527
528
529
530
531
532
533
534
535
536
537
538
539
540
541
542
543
544
545
546
547
548
549
550
551
552
553
554
555
556
557
558
559
560
561
562
563
564
565
566
567
568
569
570
571
572
573
574
575
576
577
578
579
580
581
582
583
584
585
586
587
588
589
590
591
592
593
594
595
596
597
598
599
600
601
602
603
604
605
606
607
608
609
610
611
612
613
614
615
616
617
618
619
620
621
622
623
624
625
626
627
628
629
630
631
632
633
634
635
636
637
638
639
640
641
642
643
644
645
646
647
648
649
650
651
652
653
654
655
656
657
658
659
660
661
662
663
664
665
666
667
668
669
670
671
672
673
674
675
676
677
678
679
680
681
682
683
684
685
686
687
688
689
690
691
692
693
694
695
696
697
698
699
700
701
702
703
704
705
706
707
708
709
710
711
712
713
714
715
716
717
718
719
720
721
722
723
724
725
726
727
728
729
730
731
732
733
734
735
736
737
738
739
740
741
742
743
744
745
746
747
748
749
750
751
752
753
754
755
756
757
758
759
760
761
762
763
764
765
766
767
768
769
770
771
772
773
774
775
776
777
778
779
780
781
782
783
784
785
786
787
788
789
790
791
792
793
794
795
796
797
798
799
800
801
802
803
804
805
806
807
808
809
810
811
812
813
814
815
816
817
818
819
820
821
822
823
824
825
826
827
828
829
830
831
832
833
834
835
836
837
838
839
840
841
842
843
844
845
846
847
848
849
850
851
852
853
854
855
856
857
858
859
860
861
862
863
864
865
866
867
868
869
870
871
872
873
874
875
876
877
878
879
880
881
882
883
884
885
886
887
888
889
890
891
892
893
894
895
896
897
898
899
900
901
902
903
904
905
906
907
908
909
910
911
912
913
914
915
916
917
918
919
920
921
922
923
924
925
926
927
928
929
930
931
932
933
934
935
936
937
938
939
940
941
942
943
944
945
946
947
948
949
950
951
952
953
954
955
956
957
958
959
960
961
962
963
964
965
966
967
968
969
970
971
972
973
974
975
976
977
978
979
980
981
982
983
984
985
986
987
988
989
990
991
992
993
994
995
996
997
998
999
1000
1001
1002
1003
1004
1005
1006
1007
1008
1009
1010
1011
1012
1013
1014
1015
1016
1017
1018
1019
1020
1021
1022
1023
1024
1025
1026
1027
1028
1029
1030
1031
1032
1033
1034
1035
1036
1037
1038
1039
1040
1041
1042
1043
1044
1045
1046
1047
1048
1049
1050
1051
1052
1053
1054
1055
1056
1057
1058
1059
1060
1061
1062
1063
1064
1065
1066
1067
1068
1069
1070
1071
1072
1073
1074
1075
1076
1077
1078
1079
1080
1081
1082
1083
1084
1085
1086
1087
1088
1089
1090
1091
1092
1093
1094
1095
1096
1097
1098
1099
1100
1101
1102
1103
1104
1105
1106
1107
1108
1109
1110
1111
1112
1113
1114
1115
1116
1117
1118
1119
1120
1121
1122
1123
1124
1125
1126
1127
1128
1129
1130
1131
1132
1133
1134
1135
1136
1137
1138
1139
1140
1141
1142
1143
1144
1145
1146
1147
1148
1149
1150
1151
1152
1153
1154
1155
1156
1157
1158
1159
1160
1161
1162
1163
1164
1165
1166
1167
1168
1169
1170
1171
1172
1173
1174
1175
1176
1177
1178
1179
1180
1181
1182
1183
1184
1185
1186
1187
1188
1189
1190
1191
1192
1193
1194
1195
1196
1197
1198
1199
1200
1201
1202
1203
1204
1205
1206
1207
1208
1209
1210
1211
1212
1213
1214
1215
1216
1217
1218
1219
1220
1221
1222
1223
1224
1225
1226
1227
1228
1229
1230
1231
1232
1233
1234
1235
1236
1237
1238
1239
1240
1241
1242
1243
1244
1245
1246
1247
1248
1249
1250
1251
1252
1253
1254
1255
1256
1257
1258
1259
1260
1261
1262
1263
1264
1265
1266
1267
1268
1269
1270
1271
1272
1273
1274
1275
1276
1277
1278
1279
1280
1281
1282
1283
1284
1285
1286
1287
1288
1289
1290
1291
1292
1293
1294
1295
1296
1297
1298
1299
1300
1301
1302
1303
1304
1305
1306
1307
1308
1309
1310
1311
1312
1313
1314
1315
1316
1317
1318
1319
1320
1321
1322
1323
1324
1325
1326
1327
1328
1329
1330
1331
1332
1333
1334
1335
1336
1337
1338
1339
1340
1341
1342
1343
1344
1345
1346
1347
1348
1349
1350
1351
1352
1353
1354
1355
1356
1357
1358
1359
1360
1361
1362
1363
1364
1365
1366
1367
1368
1369
1370
1371
1372
1373
1374
1375
1376
1377
1378
1379
1380
1381
1382
1383
1384
1385
1386
1387
1388
1389
1390
1391
1392
1393
1394
1395
1396
1397
1398
1399
1400
1401
1402
1403
1404
1405
1406
1407
1408
1409
1410
1411
1412
1413
1414
1415
1416
1417
1418
1419
1420
1421
1422
1423
1424
1425
1426
1427
1428
1429
1430
1431
1432
1433
1434
1435
1436
1437
1438
1439
1440
1441
1442
1443
1444
1445
1446
1447
1448
1449
1450
1451
1452
1453
1454
1455
1456
1457
1458
1459
1460
1461
1462
1463
1464
1465
1466
1467
1468
1469
1470
1471
1472
1473
1474
1475
1476
1477
1478
1479
1480
1481
1482
1483
1484
1485
1486
1487
1488
1489
1490
1491
1492
1493
1494
1495
1496
1497
1498
1499
1500
1501
1502
1503
1504
1505
1506
1507
1508
1509
1510
1511
1512
1513
1514
1515
1516
1517
1518
1519
1520
1521
1522
1523
1524
1525
1526
1527
1528
1529
1530
1531
1532
1533
1534
1535
1536
1537
1538
1539
1540
1541
1542
1543
1544
1545
1546
1547
1548
1549
1550
1551
1552
1553
1554
1555
1556
1557
1558
1559
1560
1561
1562
1563
1564
1565
1566
1567
1568
1569
1570
1571
1572
1573
1574
1575
1576
1577
1578
1579
1580
1581
1582
1583
1584
1585
1586
1587
1588
1589
1590
1591
1592
1593
1594
1595
1596
1597
1598
1599
1600
1601
1602
1603
1604
1605
1606
1607
1608
1609
1610
1611
1612
1613
1614
1615
1616
1617
1618
1619
1620
1621
1622
1623
1624
1625
1626
1627
1628
1629
1630
1631
1632
1633
1634
1635
1636
1637
1638
1639
1640
1641
1642
1643
1644
1645
1646
1647
1648
1649
1650
1651
1652
1653
1654
1655
1656
1657
1658
1659
1660
1661
1662
1663
1664
1665
1666
1667
1668
1669
1670
1671
1672
1673
1674
1675
1676
1677
1678
1679
1680
1681
1682
1683
1684
1685
1686
1687
1688
1689
1690
1691
1692
1693
1694
1695
1696
1697
1698
1699
1700
1701
1702
1703
1704
1705
1706
1707
1708
1709
1710
1711
1712
1713
1714
1715
1716
1717
1718
1719
1720
1721
1722
1723
1724
1725
1726
1727
1728
1729
1730
1731
1732
1733
1734
1735
1736
1737
1738
1739
1740
1741
1742
1743
1744
1745
1746
1747
1748
1749
1750
1751
1752
1753
1754
1755
1756
1757
1758
1759
1760
1761
1762
1763
1764
1765
1766
1767
1768
1769
1770
1771
1772
1773
1774
1775
1776
1777
1778
1779
1780
1781
1782
1783
1784
1785
1786
1787
1788
1789
1790
1791
1792
1793
1794
1795
1796
1797
1798
1799
1800
1801
1802
1803
1804
1805
1806
1807
1808
1809
1810
1811
1812
1813
1814
1815
1816
1817
1818
1819
1820
1821
1822
1823
1824
1825
1826
1827
1828
1829
1830
1831
1832
1833
1834
1835
1836
1837
1838
1839
1840
1841
1842
1843
1844
1845
1846
1847
1848
1849
1850
1851
1852
1853
1854
1855
1856
1857
1858
1859
1860
1861
1862
1863
1864
1865
1866
1867
1868
1869
1870
1871
1872
1873
1874
1875
1876
1877
1878
1879
1880
1881
1882
1883
1884
1885
1886
1887
1888
1889
1890
1891
1892
1893
1894
1895
1896
1897
1898
1899
1900
1901
1902
1903
1904
1905
1906
1907
1908
1909
1910
1911
1912
1913
1914
1915
1916
1917
1918
1919
1920
1921
1922
1923
1924
1925
1926
1927
1928
1929
1930
1931
1932
1933
1934
1935
1936
1937
1938
1939
1940
1941
1942
1943
1944
1945
1946
1947
1948
1949
1950
1951
1952
1953
1954
1955
1956
1957
1958
1959
1960
1961
1962
1963
1964
1965
1966
1967
1968
1969
1970
1971
1972
1973
1974
1975
1976
1977
1978
1979
1980
1981
1982
1983
1984
1985
1986
1987
1988
1989
1990
1991
1992
1993
1994
1995
1996
1997
1998
1999
2000
2001
2002
2003
2004
2005
2006
2007
2008
2009
2010
2011
2012
2013
2014
2015
2016
2017
2018
2019
2020
2021
2022
2023
2024
2025
2026
2027
2028
2029
2030
2031
2032
2033
2034
2035
2036
2037
2038
2039
2040
2041
2042
2043
2044
2045
2046
2047
2048
2049
2050
2051
2052
2053
2054
2055
2056
2057
2058
2059
2060
2061
2062
2063
2064
2065
2066
2067
2068
2069
2070
2071
2072
2073
2074
2075
2076
2077
2078
2079
2080
2081
2082
2083
2084
2085
2086
2087
2088
2089
2090
2091
2092
2093
2094
2095
2096
2097
2098
2099
2100
2101
2102
2103
2104
2105
2106
2107
2108
2109
2110
2111
2112
2113
2114
2115
2116
2117
2118
2119
2120
2121
2122
2123
2124
2125
2126
2127
2128
2129
2130
2131
2132
2133
2134
2135
2136
2137
2138
2139
2140
2141
2142
2143
2144
2145
2146
2147
2148
2149
2150
2151
2152
2153
2154
2155
2156
2157
2158
2159
2160
2161
2162
2163
2164
2165
2166
2167
2168
2169
2170
2171
2172
2173
2174
2175
2176
2177
2178
2179
2180
2181
2182
2183
2184
2185
2186
2187
2188
2189
2190
2191
2192
2193
2194
2195
2196
2197
2198
2199
2200
2201
2202
2203
2204
2205
2206
2207
2208
2209
2210
2211
2212
2213
2214
2215
2216
2217
2218
2219
2220
2221
2222
2223
2224
2225
2226
2227
2228
2229
2230
2231
2232
2233
2234
2235
2236
2237
2238
2239
2240
2241
2242
2243
2244
2245
2246
2247
2248
2249
2250
2251
2252
2253
2254
2255
2256
2257
2258
2259
2260
2261
2262
2263
2264
2265
2266
2267
2268
2269
2270
2271
2272
2273
2274
2275
2276
2277
2278
2279
2280
2281
2282
2283
2284
2285
2286
2287
2288
2289
2290
2291
2292
2293
2294
2295
2296
2297
2298
2299
2300
2301
2302
2303
2304
2305
2306
2307
2308
2309
2310
2311
2312
2313
2314
2315
2316
2317
2318
2319
2320
2321
2322
2323
2324
2325
2326
2327
2328
2329
2330
2331
2332
2333
2334
2335
2336
2337
2338
2339
2340
2341
2342
2343
2344
2345
2346
2347
2348
2349
2350
2351
2352
2353
2354
2355
2356
2357
2358
2359
2360
2361
2362
2363
2364
2365
2366
2367
2368
2369
2370
2371
2372
2373
2374
2375
2376
2377
2378
2379
2380
2381
2382
2383
2384
2385
2386
2387
2388
2389
2390
2391
2392
2393
2394
2395
2396
2397
2398
2399
2400
2401
2402
2403
2404
2405
2406
2407
2408
2409
2410
2411
2412
2413
2414
2415
2416
2417
2418
2419
2420
2421
2422
2423
2424
2425
2426
2427
2428
2429
2430
2431
2432
2433
2434
2435
2436
2437
2438
2439
2440
2441
2442
2443
2444
2445
2446
2447
2448
2449
2450
2451
2452
2453
2454
2455
2456
2457
2458
2459
2460
2461
2462
2463
2464
2465
2466
2467
2468
2469
2470
2471
2472
2473
2474
2475
2476
2477
2478
2479
2480
2481
2482
2483
2484
2485
2486
2487
2488
2489
2490
2491
2492
2493
2494
2495
2496
2497
2498
2499
2500
2501
2502
2503
2504
2505
2506
2507
2508
2509
2510
2511
2512
2513
2514
2515
2516
2517
2518
2519
2520
2521
2522
2523
2524
2525
2526
2527
2528
2529
2530
2531
2532
2533
2534
2535
2536
2537
2538
2539
2540
2541
2542
2543
2544
2545
2546
2547
2548
2549
2550
2551
2552
2553
2554
2555
2556
2557
2558
2559
2560
2561
2562
2563
2564
2565
2566
2567
2568
2569
2570
2571
2572
2573
2574
2575
2576
2577
2578
2579
2580
2581
2582
2583
2584
2585
2586
2587
2588
2589
2590
2591
2592
2593
2594
2595
2596
2597
2598
2599
2600
2601
2602
2603
2604
2605
2606
2607
2608
2609
2610
2611
2612
2613
2614
2615
2616
2617
2618
2619
2620
2621
2622
2623
2624
2625
2626
2627
2628
2629
2630
2631
2632
2633
2634
2635
2636
2637
2638
2639
2640
2641
2642
2643
2644
2645
2646
2647
2648
2649
2650
2651
2652
2653
2654
2655
2656
2657
2658
2659
2660
2661
2662
2663
2664
2665
2666
2667
2668
2669
2670
2671
2672
2673
2674
2675
2676
2677
2678
2679
2680
2681
2682
2683
2684
2685
2686
2687
2688
2689
2690
2691
2692
2693
2694
2695
2696
2697
2698
2699
2700
2701
2702
2703
2704
2705
2706
2707
2708
2709
2710
2711
2712
2713
2714
2715
2716
2717
2718
2719
2720
2721
2722
2723
2724
2725
2726
2727
2728
2729
2730
2731
2732
2733
2734
2735
2736
2737
2738
2739
2740
2741
2742
2743
2744
2745
2746
2747
2748
2749
2750
2751
2752
2753
2754
2755
2756
2757
2758
2759
2760
2761
2762
2763
2764
2765
2766
2767
2768
2769
2770
2771
2772
2773
2774
2775
2776
2777
2778
2779
2780
2781
2782
2783
2784
2785
2786
2787
2788
2789
2790
2791
2792
2793
2794
2795
2796
2797
2798
2799
2800
2801
2802
2803
2804
2805
2806
2807
2808
2809
2810
2811
2812
2813
2814
2815
2816
2817
2818
2819
2820
2821
2822
2823
2824
2825
2826
2827
2828
2829
2830
2831
2832
2833
2834
2835
2836
2837
2838
2839
2840
2841
2842
2843
2844
2845
2846
2847
2848
2849
2850
2851
2852
2853
2854
2855
2856
2857
2858
2859
2860
2861
2862
2863
2864
2865
2866
2867
2868
2869
2870
2871
2872
2873
2874
2875
2876
2877
2878
2879
2880
2881
2882
2883
2884
2885
2886
2887
2888
2889
2890
2891
2892
2893
2894
2895
2896
2897
2898
2899
2900
2901
2902
2903
2904
2905
2906
2907
2908
2909
2910
2911
2912
2913
2914
2915
2916
2917
2918
2919
2920
2921
2922
2923
2924
2925
2926
2927
2928
2929
2930
2931
2932
2933
2934
2935
2936
2937
2938
2939
2940
2941
2942
2943
2944
2945
2946
2947
2948
2949
2950
2951
2952
2953
2954
2955
2956
2957
2958
2959
2960
2961
2962
2963
2964
2965
2966
2967
2968
2969
2970
2971
2972
2973
2974
2975
2976
2977
2978
2979
2980
2981
2982
2983
2984
2985
2986
2987
2988
2989
2990
2991
2992
2993
2994
2995
2996
2997
2998
2999
3000
3001
3002
3003
3004
3005
3006
3007
3008
3009
3010
3011
3012
3013
3014
3015
3016
3017
3018
3019
3020
3021
3022
3023
3024
3025
3026
3027
3028
3029
3030
3031
3032
3033
3034
3035
3036
3037
3038
3039
3040
3041
3042
3043
3044
3045
3046
3047
3048
3049
3050
3051
3052
3053
3054
3055
3056
3057
3058
3059
3060
3061
3062
3063
3064
3065
3066
3067
3068
3069
3070
3071
3072
3073
3074
3075
3076
3077
3078
3079
3080
3081
3082
3083
3084
3085
3086
3087
3088
3089
3090
3091
3092
3093
3094
3095
3096
3097
3098
3099
3100
3101
3102
3103
3104
3105
3106
3107
3108
3109
3110
3111
3112
3113
3114
3115
3116
3117
3118
3119
3120
3121
3122
3123
3124
3125
3126
3127
3128
3129
3130
3131
3132
3133
3134
3135
3136
3137
3138
3139
3140
3141
3142
3143
3144
3145
3146
3147
3148
3149
3150
3151
3152
3153
3154
3155
3156
3157
3158
3159
3160
3161
3162
3163
3164
3165
3166
3167
3168
3169
3170
3171
3172
3173
3174
3175
3176
3177
3178
3179
3180
3181
3182
3183
3184
3185
3186
3187
3188
3189
3190
3191
3192
3193
3194
3195
3196
3197
3198
3199
3200
3201
3202
3203
3204
3205
3206
3207
3208
3209
3210
3211
3212
3213
3214
3215
3216
3217
3218
3219
3220
3221
3222
3223
3224
3225
3226
3227
3228
3229
3230
3231
3232
3233
3234
3235
3236
3237
3238
3239
3240
3241
3242
3243
3244
3245
3246
3247
3248
3249
3250
3251
3252
3253
3254
3255
3256
3257
3258
3259
3260
3261
3262
3263
3264
3265
3266
3267
3268
3269
3270
3271
3272
3273
3274
3275
3276
3277
3278
3279
3280
3281
3282
3283
3284
3285
3286
3287
3288
3289
3290
3291
3292
3293
3294
3295
3296
3297
3298
3299
3300
3301
3302
3303
3304
3305
3306
3307
3308
3309
3310
3311
3312
3313
3314
3315
3316
3317
3318
3319
3320
3321
3322
3323
3324
3325
3326
3327
3328
3329
3330
3331
3332
3333
3334
3335
3336
3337
3338
3339
3340
3341
3342
3343
3344
3345
3346
3347
3348
3349
3350
3351
3352
3353
3354
3355
3356
3357
3358
3359
3360
3361
3362
3363
3364
3365
3366
3367
3368
3369
3370
3371
3372
3373
3374
3375
3376
3377
3378
3379
3380
3381
3382
3383
3384
3385
3386
3387
3388
3389
3390
3391
3392
3393
3394
3395
3396
3397
3398
3399
3400
3401
3402
3403
3404
3405
3406
3407
3408
3409
3410
3411
3412
3413
3414
3415
3416
3417
3418
3419
3420
3421
3422
3423
3424
3425
3426
3427
3428
3429
3430
3431
3432
3433
3434
3435
3436
3437
3438
3439
3440
3441
3442
3443
3444
3445
3446
3447
3448
3449
3450
3451
3452
3453
3454
3455
3456
3457
3458
3459
3460
3461
3462
3463
3464
3465
3466
3467
3468
3469
3470
3471
3472
3473
3474
3475
3476
3477
3478
3479
3480
3481
3482
3483
3484
3485
3486
3487
3488
3489
3490
3491
3492
3493
3494
3495
3496
3497
3498
3499
3500
3501
3502
3503
3504
3505
3506
3507
3508
3509
3510
3511
3512
3513
3514
3515
3516
3517
3518
3519
3520
3521
3522
3523
3524
3525
3526
3527
3528
3529
3530
3531
3532
3533
3534
3535
3536
3537
3538
3539
3540
3541
3542
3543
3544
3545
3546
3547
3548
3549
3550
3551
3552
3553
3554
3555
3556
3557
3558
3559
3560
3561
3562
3563
3564
3565
3566
3567
3568
3569
3570
3571
3572
3573
3574
3575
3576
3577
3578
3579
3580
3581
3582
3583
3584
3585
3586
3587
3588
3589
3590
3591
3592
3593
3594
3595
3596
3597
3598
3599
3600
3601
3602
3603
3604
3605
3606
3607
3608
3609
3610
3611
3612
3613
3614
3615
3616
3617
3618
3619
3620
3621
3622
3623
3624
3625
3626
3627
3628
3629
3630
3631
3632
3633
3634
3635
3636
3637
3638
3639
3640
3641
3642
3643
3644
3645
3646
3647
3648
3649
3650
3651
3652
3653
3654
3655
3656
3657
3658
3659
3660
3661
3662
3663
3664
3665
3666
3667
3668
3669
3670
3671
3672
3673
3674
3675
3676
3677
3678
3679
3680
3681
3682
3683
3684
3685
3686
3687
3688
3689
3690
3691
3692
3693
3694
3695
3696
3697
3698
3699
3700
3701
3702
3703
3704
3705
3706
3707
3708
3709
3710
3711
3712
3713
3714
3715
3716
3717
3718
3719
3720
3721
3722
3723
3724
3725
3726
3727
3728
3729
3730
3731
3732
3733
3734
3735
3736
3737
3738
3739
3740
3741
3742
3743
3744
3745
3746
3747
3748
3749
3750
3751
3752
3753
3754
3755
3756
3757
3758
3759
3760
3761
3762
3763
3764
3765
3766
3767
3768
3769
3770
3771
3772
3773
3774
3775
3776
3777
3778
3779
3780
3781
3782
3783
3784
3785
3786
3787
3788
3789
3790
3791
3792
3793
3794
3795
3796
3797
3798
3799
3800
3801
3802
3803
3804
3805
3806
3807
3808
3809
3810
3811
3812
3813
3814
3815
3816
3817
3818
3819
3820
3821
3822
3823
3824
3825
3826
3827
3828
3829
3830
3831
3832
3833
3834
3835
3836
3837
3838
3839
3840
3841
3842
3843
3844
3845
3846
3847
3848
3849
3850
3851
3852
3853
3854
3855
3856
3857
3858
3859
3860
3861
3862
3863
3864
3865
3866
3867
3868
3869
3870
3871
3872
3873
3874
3875
3876
3877
3878
3879
3880
3881
3882
3883
3884
3885
3886
3887
3888
3889
3890
3891
3892
3893
3894
3895
3896
3897
3898
3899
3900
3901
3902
3903
3904
3905
3906
3907
3908
3909
3910
3911
3912
3913
3914
3915
3916
3917
3918
3919
3920
3921
3922
3923
3924
3925
3926
3927
3928
3929
3930
3931
3932
3933
3934
3935
3936
3937
3938
3939
3940
3941
3942
3943
3944
3945
3946
3947
3948
3949
3950
3951
3952
3953
3954
3955
3956
3957
3958
3959
3960
3961
3962
3963
3964
3965
3966
3967
3968
3969
3970
3971
3972
3973
3974
3975
3976
3977
3978
3979
3980
3981
3982
3983
3984
3985
3986
3987
3988
3989
3990
3991
3992
3993
3994
3995
3996
3997
3998
3999
4000
7388
6816
5937
7717
4863
5016
7225
5240
4364
4347
5103
6112
4577
7242
4849
6363
7919
7357
7979
6015
4751
5343
7137
6233
7898
7603
7202
6718
7914
4039
6369
4126
4312
6212
7133
7845
5916
7986
5712
6281
6216
5363
4293
5336
6590
6207
4689
6268
5466
6003
4886
4146
6556
7655
7941
6479
5681
4437
5299
6938
6636
6946
5307
5647
5953
7860
6460
6840
5949
6462
6239
4062
5850
5771
4643
6330
6043
7087
5249
5185
5425
4252
6373
7788
6672
4881
6253
5891
4417
6036
6481
5583
4197
6140
4806
5596
6832
4651
4460
5830
4398
7799
7686
7563
4047
6794
5561
7000
7098
5125
6371
5610
6835
7243
6803
6546
7503
7749
7482
7960
6773
7999
6585
4888
4106
4435
5606
7722
7362
7995
5186
4997
5538
6173
6270
6456
5290
7692
7623
5688
6707
7085
7317
5998
6402
6630
7392
5275
6710
6119
6551
4868
5713
7210
6800
5204
6887
5699
4944
7544
6826
4586
4318
7536
6606
4829
6854
7011
7861
4122
5079
5241
5898
7891
5571
4853
4632
6014
6810
4607
5697
4789
7578
4275
6550
7764
5856
4472
7515
7487
5877
5640
6334
6247
6437
7257
4041
7254
7875
7872
6860
7571
7780
7846
6274
6441
7829
7334
6151
7260
4420
7489
4891
7173
4668
6582
5957
4702
7250
4754
5520
7221
7602
5138
5357
6538
6155
6935
4826
6417
4407
7325
5556
4932
6683
7880
6358
7343
7542
7506
4263
4733
4052
5528
5012
7138
4941
7191
5540
4076
5412
4025
6898
7595
5377
4048
7127
4119
4524
5627
7841
5503
6365
5764
7389
4625
7970
4171
6348
4471
4204
6615
5623
4008
6878
7928
7832
6452
6095
7013
4622
4287
7050
4980
5145
5153
6056
5718
5828
4467
6458
4497
5829
4884
4770
7245
7408
5382
5888
4030
6477
6182
5313
5961
4705
7169
6338
6612
6132
6129
5693
5525
5708
4739
7509
7241
5731
4861
4641
4273
6364
4859
7064
7677
5228
7772
4821
6557
6097
7289
7528
7409
6076
4522
4693
6480
5691
5883
4815
6475
6108
7424
5193
4028
6345
5563
6428
7577
5080
4703
4135
6738
5152
5315
5816
5632
6974
7660
4147
4329
4782
5765
4369
4871
4535
6189
5055
5168
4745
7371
7670
6961
6581
4615
7155
4860
4509
6265
7220
6827
6734
5832
4706
5766
7626
6110
4824
7268
4554
7120
4285
7058
5608
4673
5325
5679
5876
4907
7518
7061
5022
5853
6511
5045
5391
6981
5140
5215
4342
4120
6484
6868
7014
6111
4045
5506
5720
4357
4899
6409
4960
5827
6761
6575
6865
7158
7433
7744
6175
4247
6370
4810
7514
5698
7105
7452
4808
4604
4070
4224
4445
6535
6735
6040
7790
5456
5706
4358
5962
4683
7141
6751
7548
4440
4284
6943
6254
7246
6771
7565
4010
6236
5344
7805
7987
6393
5310
4885
6412
4850
4017
6433
6687
4056
7464
7298
5049
5532
5378
5422
4066
5099
6499
6596
6772
6564
5637
5653
7126
6395
7498
4314
4869
7150
7462
7915
7591
6806
7100
4755
7684
6064
4996
6092
4132
4560
6548
7320
7791
4486
5927
5195
5383
7511
7224
4269
4321
4429
5603
4297
4061
4190
7654
6607
7943
4103
4280
6695
7003
6814
5565
7741
4818
4516
6801
6906
5599
4419
6952
4799
4546
5225
6626
6166
4832
4178
7933
7376
6779
5408
5257
7323
7674
6851
6817
5478
6341
4340
7550
5763
5942
4785
6762
5840
5869
7636
7727
5858
7912
5268
6297
5036
7575
4720
6081
7874
7757
4410
4858
4758
5928
5676
5752
4959
4867
7451
6957
6349
6770
6870
7384
5515
7212
5434
7493
4640
6542
5986
6541
5126
6809
4953
5558
5180
7092
7293
6118
6149
6588
6500
4628
4642
7153
7680
5250
7432
7051
4189
7447
7042
4738
4489
7448
7309
7530
7481
4479
5075
5605
4210
5256
7455
4272
6489
5689
6987
7479
6543
4771
7849
6037
5801
4447
5646
4302
7170
5979
4021
5621
4570
7373
7417
4558
7976
7883
6756
7474
7002
4241
4666
4244
7743
5951
4211
7282
7539
4294
6507
5390
7366
7746
6381
6518
7905
4933
4671
7926
7504
5941
4434
7045
6782
4685
6659
6609
7555
6589
6516
6260
6145
7827
4249
6640
5924
4999
7762
7039
4082
7364
4883
7543
7529
6432
7319
5594
4510
5454
5722
4573
4260
6219
5904
6426
4748
7710
6530
7759
6997
4835
6366
7311
7081
5966
6829
6921
7507
4774
5980
6488
7554
7531
5274
5232
5283
7303
5635
7864
4709
6697
5910
4092
4769
7906
6731
4679
7936
6422
7924
4841
7475
5639
6031
4446
5703
4481
7122
7205
5021
4895
4600
6483
5001
5702
4182
6526
7824
7747
5761
4756
7295
7931
6967
4864
6570
4894
4423
6022
7649
5282
7641
4372
7327
4794
5758
6545
4218
4144
4572
4929
5208
6310
6427
6158
5302
6608
6389
7678
7233
5875
6728
5104
5467
6602
4591
6857
7101
6164
5785
7843
5535
4820
6068
7079
6013
7421
5497
4637
4192
7844
7658
5485
6904
7559
6632
7065
6822
7755
6319
7113
5449
7767
4072
4071
7483
5543
5149
4152
7083
5253
7107
5238
4937
6549
5410
4141
7769
6776
5896
5221
6091
4161
7908
4348
4502
6053
4920
7102
5150
7279
7174
6682
6598
6425
5798
7387
4905
7651
4337
7326
6929
5526
7993
4746
4271
7520
5581
7621
5501
5277
6970
6059
5988
5339
7218
6346
5291
7853
6252
7992
5725
6179
6894
7701
5644
5749
4796
4656
6911
7265
7402
5136
7983
5407
6833
4311
6135
5117
5078
6404
4809
6811
4463
6703
4336
6864
6300
4580
6096
7184
4491
4811
6968
5209
6455
4527
5144
4923
7063
6202
4115
5573
4566
6900
6258
7716
5494
7920
4989
7699
4333
5524
4828
7378
6278
7643
4096
6137
7239
6558
6085
4499
6544
7910
7990
7469
7310
4904
5554
4024
6639
7682
4251
7676
7728
5721
7809
7696
7537
6400
5052
7347
7581
7940
6067
4727
5316
4415
5762
6109
4459
5245
5838
4664
5874
5527
6286
7913
5792
7664
7620
7495
6925
5925
4677
5223
4876
6759
7157
7798
4998
5954
4088
4306
6177
5020
6473
4198
7706
4825
7032
7272
5128
6465
4289
7441
6353
6859
4556
5130
5254
4206
7054
4222
6758
4979
6942
6405
4085
7708
4466
4715
4140
6646
4487
4230
6866
5909
7750
5518
5922
7538
4621
5696
7836
5051
7375
7027
5873
4856
5652
7041
6660
6154
7718
5472
5633
7361
4531
4257
5677
6131
7418
5626
5191
7703
7259
7954
7397
6492
7280
5557
4350
5317
5880
4341
6061
5933
7944
7019
5714
5656
4003
5087
5085
5076
5921
7939
5367
7497
6000
6032
6871
4793
5328
6644
6231
5234
6862
4978
6737
5879
7404
4292
4925
7355
7997
5926
5991
6075
5426
5068
5611
6893
6849
7763
5292
4353
7647
5411
6372
4209
6824
7631
4274
5100
6234
5775
6007
4258
4764
6665
6726
5398
5544
7866
6411
5177
5417
4873
6120
5638
4060
4367
5428
5013
4361
6553
4877
7535
6617
4732
4911
4954
6322
5278
4326
6184
6597
6846
7302
4893
5710
4005
5027
6988
6497
6675
7771
4854
5129
7009
4074
5115
4173
5663
6745
7398
4592
4729
4331
5773
6724
5630
7468
5272
4595
7738
5487
5358
4033
4555
5093
5038
4327
4403
7589
4712
6565
6572
6466
6167
6528
7794
5262
6637
6430
6618
7848
4798
4451
7712
4261
4223
7895
5376
4366
5742
5439
7884
7742
6451
4743
6228
7942
4408
7732
5040
4848
6880
5748
7689
4370
6382
7608
5318
4389
4217
6936
7847
4124
5355
7467
6181
7292
7106
6689
6311
7008
4228
7830
7889
7313
7584
5825
7630
4523
6539
7532
6392
7856
6503
5507
4741
6447
7593
7486
4015
6054
6415
7466
5269
4508
4169
4914
5892
6573
7471
6861
6819
6823
7207
5589
6038
5841
6614
5158
6398
7966
5790
5584
6793
6383
5504
4609
6093
7038
4940
4812
4299
6666
5971
7351
5664
5469
7177
5768
5620
4214
7927
5482
6643
7604
6686
7594
6973
7024
7349
6408
6021
6010
7030
5372
6223
4102
6586
4744
6033
6845
4506
5384
5863
7383
6807
6645
7613
5320
6890
4513
4505
7859
5972
6058
4972
5484
4016
7330
7552
4582
7178
5741
5416
7344
7094
7285
5662
6008
6350
4089
6495
4078
5977
4550
7865
7056
4665
7236
7256
5913
7785
6133
5465
6438
5184
6631
4136
4699
6521
5151
4574
7719
5803
5844
7018
4300
6293
4346
7557
7597
4943
6052
7569
4713
5531
4608
6688
4498
4981
6327
5834
5347
4134
6559
5183
6886
7420
4236
4035
6907
4438
6931
4373
6547
5156
4882
6035
5296
6445
6468
5170
5182
6568
6467
6399
4500
7315
4725
4985
7994
4431
5082
6340
7661
7857
7131
5474
4669
6443
6211
5424
5057
4193
6655
5002
7784
4761
7337
4539
4976
6902
6633
7394
7237
7080
7868
5443
6989
4874
7645
4495
5260
7534
6785
6331
5907
5003
7634
7730
4411
7183
6821
5547
6604
7815
6825
6569
5919
6354
7216
5018
5341
5965
7033
4400
7476
5440
7134
5423
6969
5415
4545
7189
7286
6844
5092
6838
4838
5141
5955
4778
4448
7012
4027
7144
7329
7917
4961
5442
5492
6024
5978
4723
5171
5948
4897
7734
5784
4212
6049
7787
5458
7810
7335
6026
7748
7806
7795
6930
5624
4994
4947
5147
6424
6669
5369
4878
6955
5298
6628
6226
5401
7904
4682
4131
7338
5855
6939
4593
4143
7653
4752
4844
6932
6246
7566
6230
5625
4879
5139
6714
5851
6115
5566
4112
4803
7622
5121
4064
6250
5342
5572
4158
7049
7403
4100
7339
4902
5366
6673
7322
7945
7342
5777
7834
5918
5399
5402
6442
7590
5334
7823
6583
5331
4286
5622
5430
5203
7156
5065
5110
6768
5491
5726
4779
5744
6171
5159
7781
5389
5685
7372
5757
4443
7901
6991
7760
7733
5994
4069
5920
5309
4676
4917
7390
6394
7048
4538
4833
6380
5263
7472
5413
5522
5598
4645
7312
6150
5071
7804
6852
7385
5000
6654
7304
7957
6420
4900
4638
7508
5791
4776
7077
6748
7854
6187
6953
4160
7412
6663
6288
7663
6924
5427
7819
5166
4892
5690
6804
4924
4245
4201
7176
5738
7953
4935
5273
5548
6916
5463
5305
6650
6510
6478
7449
5686
5134
6777
7006
4681
5786
5569
5450
6841
7890
7818
4129
7800
5682
5322
4866
4594
7775
5717
7573
5641
4721
6325
6143
5231
5483
7720
5211
6947
4259
6842
4710
4781
4123
6153
7801
5574
5405
7885
6999
6308
6701
4562
6933
6282
5276
4150
7248
5586
7035
7877
4090
6716
5261
6601
5861
5859
5514
7673
7235
4667
4316
5010
7586
4971
6416
5753
5936
5371
4540
5216
6584
6567
4942
4006
5868
6754
6065
7110
4399
7119
4127
7276
6540
5165
7182
5470
6855
4351
6321
4690
7407
4602
4504
7211
4427
5205
7633
4113
5444
5028
6554
5006
6651
5236
7274
4196
6693
4250
5654
4957
5995
7021
7657
5860
4567
5284
5017
5576
6903
6449
6723
6055
4697
7751
6876
4265
6221
6680
6757
7546
5324
5964
5083
6914
5338
7605
6485
5628
7667
5756
5441
4484
4964
5160
4784
6627
6048
4870
5743
5187
6448
6934
5498
4802
4387
4093
7949
6213
7625
6523
5222
6284
5435
7561
7139
4928
5356
7739
7958
6125
6414
5219
4128
6883
4063
7057
6524
6328
6011
6367
5404
7714
6159
6100
7547
7163
4736
6882
6702
5266
6976
6960
5089
6629
4179
5750
7596
4425
6797
5279
5732
4237
7672
5172
6016
5189
5822
7955
6668
4734
6450
7354
4242
5499
7560
6315
4598
4095
4022
4240
7968
7792
6872
6837
7513
7618
7381
6781
7128
6312
5303
6104
7393
5889
5658
5294
4804
4371
5894
5206
4948
7456
6217
7209
7084
6662
6653
7570
6708
5882
5248
6696
4530
5287
6709
4270
6525
7556
6685
5807
7358
4053
5864
4963
7585
4494
4313
6208
6905
6505
7026
7921
5167
6034
7115
5512
4490
6963
5906
5680
7985
5519
4477
5066
4328
5678
4507
7370
6374
7723
5008
4599
7425
6501
5973
4696
5476
7838
7055
4837
6656
7639
7206
6719
7523
5814
7488
5724
5214
6361
4184
6302
6885
7947
7199
7377
5194
4661
7255
6267
5451
7553
5817
7258
4614
4382
4238
5811
4023
4843
7017
5438
4722
5770
6993
4433
5199
4051
5037
7198
5929
5903
6537
4763
6004
4283
6746
4581
7214
6318
5403
4406
7296
6347
4740
7308
6875
7492
4295
5946
6635
5560
4029
7314
7820
5481
7869
4391
6623
5042
7828
7240
5063
7761
5192
5774
4565
5073
6471
4220
4376
7666
6972
6352
5473
5707
5349
4166
5500
5373
7074
6560
7774
7711
6289
6073
7638
5004
5969
7331
7572
5849
6176
6410
5848
7091
4267
6320
5220
5070
5122
4396
4118
6767
6190
4458
7318
7922
7977
6161
6891
5787
7111
4564
6648
7073
6439
4919
6168
4612
5418
4694
6986
5700
7713
4188
4195
5887
6123
4938
6820
4454
6818
5533
6017
6215
5999
7175
6235
5406
6856
4636
7363
6919
5719
6378
5590
5106
7066
5131
7386
7104
6638
4807
4910
7470
4649
7071
7413
4559
4014
4109
5740
6787
7263
5975
5227
5767
4801
4097
5196
7426
4409
7294
6486
6379
7069
6390
4585
7435
6206
4926
6747
4139
4394
5776
7046
7628
6106
7855
4716
4518
7261
5375
6163
7089
5562
5553
7234
6641
6273
4618
4338
4578
4365
4075
4857
6913
5809
6157
6799
7353
5914
7858
4105
6434
4652
5878
4995
4657
5337
6853
5866
5340
7149
5353
5550
7700
7434
4922
7505
7551
6591
5508
5239
5005
7228
7793
5984
5634
5872
4557
5843
6002
4307
5174
7693
4906
4613
7616
4137
4388
4216
7022
7736
4148
7478
6923
4934
5490
6042
6009
5235
4301
5394
4040
6403
7967
7753
4908
7564
5053
7450
4046
5886
7356
4049
4842
7275
5009
7745
7196
6995
6180
4969
6249
7929
7238
6307
5651
7029
4395
4646
4084
5023
6193
4951
4773
6276
7642
6245
4378
4918
5072
5783
6470
6720
5345
6502
7076
6780
6652
7705
4889
7637
5288
6534
4114
4747
6784
6657
5133
5113
4788
7324
6130
4684
4164
7429
5846
4737
7789
6200
6463
6563
6080
4719
6298
5244
5330
6194
4099
6571
7950
4018
5094
6156
5178
7437
5645
6121
5967
7969
7731
5705
5039
6368
7231
4392
6241
5659
5908
5847
7937
7023
6446
6587
7400
6127
6769
7665
7195
4865
7567
6971
7047
7862
5175
5870
7811
6083
6750
6848
5480
4805
4191
4913
5670
6299
6595
5197
7297
6089
7036
7423
4817
4276
7888
5943
4777
5568
7477
4374
5612
5981
6721
5188
6027
7871
4483
6204
5989
4605
6895
6789
4780
7685
7568
5432
7252
7062
7360
6964
5577
7125
5464
7669
7852
4264
7147
4058
6183
6830
6985
7601
5224
4352
4688
4111
5669
4955
7031
4355
5769
6262
7545
4544
6199
4343
7067
6813
5348
6263
5015
5901
5471
7059
4975
6071
7984
6908
4496
7200
6713
4248
5148
7288
5990
6613
4658
6959
5127
5963
7168
7345
6552
4728
5217
7726
7831
5386
6337
7341
4298
4375
4243
6808
5727
4225
7419
4282
4255
7925
4456
6407
4319
4973
5270
6023
7145
7284
5587
6313
6464
5516
7562
5419
5818
5297
7463
5468
7193
5539
4044
6741
4714
7632
5567
5931
7411
4205
5173
6798
6240
5575
5789
4266
6047
5902
4303
4393
7694
4945
5452
7359
4468
5050
6444
5865
4470
6566
4650
7457
5226
4186
5739
5588
5551
5154
7112
4183
5081
5579
5523
6494
7948
4839
7082
6188
6944
5447
7946
4145
6889
6517
7336
7934
6020
5335
4175
4939
4363
4847
4215
7916
7226
4571
5617
6917
5675
7227
7213
5636
6766
5730
4915
7440
7583
7118
6277
7715
6536
5806
4187
4575
6515
5032
7903
4020
6117
6139
6287
7142
4630
4701
7840
6937
6671
7114
5701
7151
6303
4009
5674
4956
7172
5615
4584
5736
6323
7617
7918
5813
5109
5751
7587
5360
7540
6742
6114
5326
6457
6306
4441
6765
4992
6790
5098
6678
6634
5319
6296
4043
4553
4501
4457
6658
4339
7574
6915
5545
4851
4117
4797
5350
4541
4588
4831
6317
5323
6170
4765
4359
6237
5011
5831
4735
7277
5529
6815
7773
7391
7095
4037
6084
4988
6225
6482
7527
5396
6975
5509
4517
4952
5958
6896
7640
7959
4121
6664
7776
4377
6996
6736
5387
6676
6858
6360
7124
4026
5747
7778
4931
6920
6387
4619
7161
7961
4170
4768
6018
5552
5837
4830
4436
6316
4194
4840
7964
7681
5987
5210
5230
5242
4159
4256
6062
4235
5513
5582
7223
7208
7185
5374
5088
7974
5897
7152
6251
7454
5793
4323
4635
6242
4984
7266
7777
5997
7650
7171
5258
5102
5799
4583
5502
7516
4322
5780
4627
6796
7271
7822
7783
6948
4413
6257
4783
4439
7740
6649
6562
6185
7291
4036
7480
4718
6418
6060
4475
7766
6487
5368
5805
6522
6704
7833
6138
5602
7702
5198
6259
6897
6624
6012
5759
6899
7070
4525
4568
5479
5854
5488
5982
6421
6099
4330
7499
6134
7988
5795
6136
6610
6979
6102
5146
5511
5729
6172
4659
5642
7797
7754
5097
4766
7232
7629
6305
7299
7043
7135
7217
5629
4529
6795
4462
4537
5448
4678
4717
6956
7099
6384
6812
5754
5745
6314
6070
5247
7290
7851
7044
6706
6874
4091
6362
4200
6148
7459
5014
4469
4324
6025
5733
5409
7779
6647
5321
7525
4397
7816
4213
6561
4772
4203
6884
4380
4534
4154
5684
6386
4390
5095
7188
7765
4180
4872
4405
5280
5542
6256
6376
5666
7422
4552
5213
6926
6744
4753
4386
4698
5536
7365
4432
6593
6786
7267
7016
7443
4561
6152
6620
6764
4707
6391
5804
4936
6174
4019
4054
4232
4464
7414
6984
4177
6453
5895
5944
7837
4639
5613
7981
4208
6261
6909
6285
5314
4461
4548
5181
7461
7230
7005
5112
5041
4221
7825
7975
7249
5823
7735
5871
4153
7181
5510
5155
5974
6435
6191
7396
4473
7704
4138
5333
7428
7116
5062
8000
5108
6679
6599
7143
7923
6733
5905
6272
5616
4521
5923
4155
6519
7524
5233
5881
6146
7103
5555
7721
5281
7117
4165
6529
7367
4004
5351
5074
5591
6677
7558
6966
4055
6512
6843
7148
5760
7445
4576
5114
5597
4185
5619
7025
7786
7166
5048
7951
6755
4418
7458
6255
7160
7382
5285
7580
6292
6326
4163
7996
5985
6498
5162
4597
7130
4966
6113
4086
5820
4644
5420
7333
7222
7416
5852
4253
4110
4711
4800
7821
4623
6431
5687
7410
4819
4596
7215
5295
4207
4648
4098
6197
6335
5631
6727
4759
7109
4503
6778
5455
4480
4083
4792
7802
5755
6045
4813
7756
4795
7598
5034
6271
7405
6291
5107
7646
6266
7614
6958
7180
6162
4453
4927
6214
4430
5031
4277
6385
7662
5477
7688
4304
4724
7427
4485
6928
5489
4686
7401
4791
7782
7989
7835
7870
5810
6692
7187
4519
6459
6461
5246
4587
6740
5142
4116
7465
6574
5947
7611
4680
4691
5397
6243
6090
6294
6879
4104
7962
6850
6670
5862
5715
5695
4268
6005
7500
7088
4450
5709
7978
6619
6264
7053
6069
7490
4101
4107
6940
4296
6074
4465
4077
4982
4542
5826
6077
5940
7896
4125
7671
4402
6831
5437
7201
7911
7725
6147
4068
7619
5648
6994
4067
6001
4478
5026
4262
4629
6712
7808
6105
5585
5728
6169
5462
5271
6304
6401
5614
5932
4057
6329
7406
7582
4834
6107
6280
7624
6730
5885
4130
5839
4590
7484
5043
6491
4455
4950
6722
6224
5359
7973
4226
5207
4325
6802
7882
5105
6039
5352
7010
7129
4970
4822
4890
6078
5056
4787
6248
4239
6514
5064
5044
4383
6186
5833
5169
7615
4488
6406
4381
5600
4674
6356
6881
5143
6698
4662
6057
5956
6203
4493
7262
7839
6580
5035
6006
5815
5091
7136
5650
7679
6622
7270
7541
5534
7399
7090
5788
7729
7146
5202
4991
6210
4356
4384
7415
7251
4547
6508
5229
4520
5993
4887
7164
4234
5930
5970
5945
4726
7305
7900
7395
5661
4168
7316
7881
6028
5190
6805
4823
7179
4512
4687
6625
4757
4426
4655
6066
7887
6792
5737
5911
5380
7879
7052
5716
4288
4912
4631
4514
6763
7340
7097
7519
7194
6699
4968
6674
7899
5959
4767
5796
4750
6344
7842
6086
6227
4606
5899
6126
4880
5237
7980
7648
5541
6041
4675
7521
7644
4708
4038
5939
4731
5867
5265
4515
6992
4094
6476
6279
6661
5537
7752
7817
7496
5694
6454
7956
4836
6892
7444
7015
6667
4444
4563
6836
5054
4983
5433
5461
7287
4199
5546
5414
7301
6910
4290
5077
5393
6269
4624
4695
7894
5445
7321
6324
7494
4345
5308
6783
7352
5312
5457
4254
4279
7935
4246
4536
6576
7982
6128
7796
6244
5046
5024
6195
7093
7001
4474
7709
4492
7154
7439
4080
6419
6863
7902
5917
7656
7932
6309
6873
6725
7724
5161
6621
4946
5058
5067
6531
6079
4543
6555
6705
4533
4898
7814
6469
6196
4034
6753
4309
6965
7576
6275
5643
6592
6359
7502
4233
6301
7040
5030
4424
6124
7332
5601
7446
5812
7533
6165
7075
7635
5800
7369
4157
5218
5667
7517
4079
5311
5595
7878
6343
7737
7473
6472
7348
4921
7873
6332
6867
6684
4569
6998
6209
6229
6238
6396
6912
7328
7938
7863
4974
5821
7600
5665
6496
6694
7510
4031
7159
6527
7812
6949
5327
6717
5200
6205
6962
4903
6927
7697
5564
5935
5025
5301
4610
4909
7072
6520
6423
7588
5950
4281
4852
4368
5835
4354
6509
4421
7963
7952
5212
5364
5673
5782
6605
4760
6945
5118
5086
5243
7659
5124
7278
6715
5802
4011
6950
4730
6700
5385
7350
4385
7431
6578
5300
4511
7813
5912
4827
5884
6990
5604
5772
7368
6579
5797
6094
7592
7140
7273
7162
6577
4231
5570
4855
7897
6082
6642
5683
5421
6533
7930
4320
5475
4334
7867
7020
6611
7826
7034
4986
7807
6788
4362
5486
5060
4315
4227
7485
5649
6732
7687
7512
5354
4142
5346
6222
5549
7123
4987
5259
5289
5033
7300
5332
5808
7991
7522
5915
5431
5505
6192
6977
4601
4993
5164
4065
5084
6980
5794
7281
7037
5019
4162
5047
6774
5453
5137
5201
4977
7850
5252
4442
5381
4579
5593
5362
5370
5819
4042
4692
4291
7244
5179
7876
5120
4002
6333
7758
6490
7907
4050
6220
7438
5580
6739
5668
5304
5660
6351
5135
5116
5893
6087
7491
6336
5069
7192
6691
6440
4401
6232
7803
4379
7307
4786
6342
6603
4156
5264
6532
4181
4001
4013
6888
5890
7690
5824
6711
7108
5061
7430
4172
4901
6828
6397
5900
5996
6749
5090
5517
7453
5176
6729
4626
4551
4229
5096
7770
6218
6063
4749
4958
4174
7028
6922
5306
7627
5429
4549
5836
4845
4704
7436
5578
7683
6504
4278
7374
4428
4532
5559
5938
6046
7707
4528
7609
6869
5460
4620
7526
5365
4317
6951
4449
7606
4332
5329
7886
5607
6339
4634
6178
6791
4762
5992
6088
6122
7197
5267
6513
7269
7078
6493
6941
5157
5119
7219
7007
7379
5735
5007
5493
6954
6103
4404
5101
5960
4653
4219
6982
4151
6141
5446
6019
5692
6375
7380
5609
5392
7607
5704
6760
4617
4660
6436
4526
6978
7652
4416
7204
5459
6198
4202
4930
6983
4167
7229
5857
7691
6098
6752
7132
7068
6290
5255
4616
5671
6377
6681
7501
6295
7909
4476
4775
5293
6116
4862
6283
5132
5395
4412
7610
6743
7165
4896
7675
5655
5968
4308
4012
7998
7579
4916
5251
4611
4790
4962
4360
5779
5496
7247
7892
7253
6160
5618
4344
5672
4846
5711
5029
5952
6600
4059
4176
6072
4633
4965
5521
6616
4670
5059
4949
4672
4700
6051
7549
5845
6030
7668
6050
4073
4335
4349
6429
7190
4452
7306
6918
7460
6044
6201
5286
4422
4875
4742
6839
4149
6834
6413
5657
7442
6877
4990
4482
6847
5111
5781
6775
4305
6506
5842
6029
4310
7768
7965
5746
5976
6101
4087
7283
7599
7086
6142
5778
5123
5983
5495
4108
5934
6355
5436
5400
6474
5388
4032
5379
5361
6144
7167
7096
7695
6388
7971
7972
7612
7186
7004
5723
5163
4414
7264
4663
4816
5530
4589
5592
5734
4967
4603
7060
6357
6901
7893
4814
4007
4647
6594
4133
7346
7698
6690
4081
7203
4654
7121